-41,-45,CGgkMLCRkBcbtWmyo6M7t7jTah0=,4GeOGYBqy5OmjOjOT3E/BWmJC+o=
-43,-48,PZUJxypVZ8RwC6/I5WGaFHr6cc8=,4GeOGYBqy5OmjOjOT3E/BWmJC+o=
-42,-45,CGgkMLCRkBcbtWmyo6M7t7jTah0=,4GeOGYBqy5OmjOjOT3E/BWmJC+o=
-42,-46,PZUJxypVZ8RwC6/I5WGaFHr6cc8=,4GeOGYBqy5OmjOjOT3E/BWmJC+o=
-43,-46,PZUJxypVZ8RwC6/I5WGaFHr6cc8=,4GeOGYBqy5OmjOjOT3E/BWmJC+o=
-43,-45,PZUJxypVZ8RwC6/I5WGaFHr6cc8=,4GeOGYBqy5OmjOjOT3E/BWmJC+o=
-45,-48,PZUJxypVZ8RwC6/I5WGaFHr6cc8=,4GeOGYBqy5OmjOjOT3E/BWmJC+o=
-44,-45,PZUJxypVZ8RwC6/I5WGaFHr6cc8=,4GeOGYBqy5OmjOjOT3E/BWmJC+o=
-45,-45,PZUJxypVZ8RwC6/I5WGaFHr6cc8=,4GeOGYBqy5OmjOjOT3E/BWmJC+o=
-44,-47,PZUJxypVZ8RwC6/I5WGaFHr6cc8=,4GeOGYBqy5OmjOjOT3E/BWmJC+o=
-43,-47,PZUJxypVZ8RwC6/I5WGaFHr6cc8=,4GeOGYBqy5OmjOjOT3E/BWmJC+o=
-46,-45,PZUJxypVZ8RwC6/I5WGaFHr6cc8=,4GeOGYBqy5OmjOjOT3E/BWmJC+o=
-47,-48,PZUJxypVZ8RwC6/I5WGaFHr6cc8=,4GeOGYBqy5OmjOjOT3E/BWmJC+o=
-44,-46,PZUJxypVZ8RwC6/I5WGaFHr6cc8=,4GeOGYBqy5OmjOjOT3E/BWmJC+o=
-44,-48,PZUJxypVZ8RwC6/I5WGaFHr6cc8=,4GeOGYBqy5OmjOjOT3E/BWmJC+o=
-47,-45,PZUJxypVZ8RwC6/I5WGaFHr6cc8=,4GeOGYBqy5OmjOjOT3E/BWmJC+o=
-45,-46,PZUJxypVZ8RwC6/I5WGaFHr6cc8=,4GeOGYBqy5OmjOjOT3E/BWmJC+o=
-33,-34,PZUJxypVZ8RwC6/I5WGaFHr6cc8=,4GeOGYBqy5OmjOjOT3E/BWmJC+o=
-35,-34,PZUJxypVZ8RwC6/I5WGaFHr6cc8=,4GeOGYBqy5OmjOjOT3E/BWmJC+o=
-34,-34,PZUJxypVZ8RwC6/I5WGaFHr6cc8=,4GeOGYBqy5OmjOjOT3E/BWmJC+o=
-36,-34,PZUJxypVZ8RwC6/I5WGaFHr6cc8=,4GeOGYBqy5OmjOjOT3E/BWmJC+o=
-37,-34,PZUJxypVZ8RwC6/I5WGaFHr6cc8=,4GeOGYBqy5OmjOjOT3E/BWmJC+o=
-38,-34,PZUJxypVZ8RwC6/I5WGaFHr6cc8=,4GeOGYBqy5OmjOjOT3E/BWmJC+o=
-39,-34,PZUJxypVZ8RwC6/I5WGaFHr6cc8=,4GeOGYBqy5OmjOjOT3E/BWmJC+o=
-40,-34,PZUJxypVZ8RwC6/I5WGaFHr6cc8=,4GeOGYBqy5OmjOjOT3E/BWmJC+o=
-41,-34,PZUJxypVZ8RwC6/I5WGaFHr6cc8=,4GeOGYBqy5OmjOjOT3E/BWmJC+o=
-42,-34,PZUJxypVZ8RwC6/I5WGaFHr6cc8=,4GeOGYBqy5OmjOjOT3E/BWmJC+o=
-43,-34,PZUJxypVZ8RwC6/I5WGaFHr6cc8=,4GeOGYBqy5OmjOjOT3E/BWmJC+o=
-45,-34,PZUJxypVZ8RwC6/I5WGaFHr6cc8=,4GeOGYBqy5OmjOjOT3E/BWmJC+o=
-44,-34,PZUJxypVZ8RwC6/I5WGaFHr6cc8=,4GeOGYBqy5OmjOjOT3E/BWmJC+o=
-46,-34,PZUJxypVZ8RwC6/I5WGaFHr6cc8=,4GeOGYBqy5OmjOjOT3E/BWmJC+o=
-47,-34,PZUJxypVZ8RwC6/I5WGaFHr6cc8=,4GeOGYBqy5OmjOjOT3E/BWmJC+o=
-45,-47,PZUJxypVZ8RwC6/I5WGaFHr6cc8=,4GeOGYBqy5OmjOjOT3E/BWmJC+o=
-33,-35,PZUJxypVZ8RwC6/I5WGaFHr6cc8=,4GeOGYBqy5OmjOjOT3E/BWmJC+o=
-46,-46,PZUJxypVZ8RwC6/I5WGaFHr6cc8=,4GeOGYBqy5OmjOjOT3E/BWmJC+o=
-34,-35,PZUJxypVZ8RwC6/I5WGaFHr6cc8=,4GeOGYBqy5OmjOjOT3E/BWmJC+o=
-35,-35,PZUJxypVZ8RwC6/I5WGaFHr6cc8=,4GeOGYBqy5OmjOjOT3E/BWmJC+o=
-36,-35,PZUJxypVZ8RwC6/I5WGaFHr6cc8=,4GeOGYBqy5OmjOjOT3E/BWmJC+o=
-37,-35,PZUJxypVZ8RwC6/I5WGaFHr6cc8=,4GeOGYBqy5OmjOjOT3E/BWmJC+o=
-38,-35,PZUJxypVZ8RwC6/I5WGaFHr6cc8=,4GeOGYBqy5OmjOjOT3E/BWmJC+o=
-39,-35,PZUJxypVZ8RwC6/I5WGaFHr6cc8=,4GeOGYBqy5OmjOjOT3E/BWmJC+o=
-40,-35,PZUJxypVZ8RwC6/I5WGaFHr6cc8=,4GeOGYBqy5OmjOjOT3E/BWmJC+o=
-41,-35,PZUJxypVZ8RwC6/I5WGaFHr6cc8=,4GeOGYBqy5OmjOjOT3E/BWmJC+o=
-42,-35,PZUJxypVZ8RwC6/I5WGaFHr6cc8=,4GeOGYBqy5OmjOjOT3E/BWmJC+o=
-43,-35,PZUJxypVZ8RwC6/I5WGaFHr6cc8=,4GeOGYBqy5OmjOjOT3E/BWmJC+o=
-48,-44,PZUJxypVZ8RwC6/I5WGaFHr6cc8=,4GeOGYBqy5OmjOjOT3E/BWmJC+o=
-48,-43,PZUJxypVZ8RwC6/I5WGaFHr6cc8=,4GeOGYBqy5OmjOjOT3E/BWmJC+o=
-48,-42,PZUJxypVZ8RwC6/I5WGaFHr6cc8=,4GeOGYBqy5OmjOjOT3E/BWmJC+o=
-48,-41,PZUJxypVZ8RwC6/I5WGaFHr6cc8=,4GeOGYBqy5OmjOjOT3E/BWmJC+o=
-48,-40,PZUJxypVZ8RwC6/I5WGaFHr6cc8=,4GeOGYBqy5OmjOjOT3E/BWmJC+o=
-48,-39,PZUJxypVZ8RwC6/I5WGaFHr6cc8=,4GeOGYBqy5OmjOjOT3E/BWmJC+o=
-48,-37,PZUJxypVZ8RwC6/I5WGaFHr6cc8=,4GeOGYBqy5OmjOjOT3E/BWmJC+o=
-48,-38,PZUJxypVZ8RwC6/I5WGaFHr6cc8=,4GeOGYBqy5OmjOjOT3E/BWmJC+o=
-48,-46,PZUJxypVZ8RwC6/I5WGaFHr6cc8=,4GeOGYBqy5OmjOjOT3E/BWmJC+o=
-48,-45,PZUJxypVZ8RwC6/I5WGaFHr6cc8=,4GeOGYBqy5OmjOjOT3E/BWmJC+o=
-48,-36,PZUJxypVZ8RwC6/I5WGaFHr6cc8=,4GeOGYBqy5OmjOjOT3E/BWmJC+o=
-48,-35,PZUJxypVZ8RwC6/I5WGaFHr6cc8=,4GeOGYBqy5OmjOjOT3E/BWmJC+o=
-48,-47,PZUJxypVZ8RwC6/I5WGaFHr6cc8=,4GeOGYBqy5OmjOjOT3E/BWmJC+o=
-48,-34,PZUJxypVZ8RwC6/I5WGaFHr6cc8=,4GeOGYBqy5OmjOjOT3E/BWmJC+o=
-44,-35,PZUJxypVZ8RwC6/I5WGaFHr6cc8=,4GeOGYBqy5OmjOjOT3E/BWmJC+o=
-45,-35,PZUJxypVZ8RwC6/I5WGaFHr6cc8=,4GeOGYBqy5OmjOjOT3E/BWmJC+o=
-46,-35,PZUJxypVZ8RwC6/I5WGaFHr6cc8=,4GeOGYBqy5OmjOjOT3E/BWmJC+o=
-47,-35,PZUJxypVZ8RwC6/I5WGaFHr6cc8=,4GeOGYBqy5OmjOjOT3E/BWmJC+o=
-46,-47,PZUJxypVZ8RwC6/I5WGaFHr6cc8=,4GeOGYBqy5OmjOjOT3E/BWmJC+o=
-33,-36,PZUJxypVZ8RwC6/I5WGaFHr6cc8=,4GeOGYBqy5OmjOjOT3E/BWmJC+o=
-47,-46,PZUJxypVZ8RwC6/I5WGaFHr6cc8=,4GeOGYBqy5OmjOjOT3E/BWmJC+o=
-34,-36,PZUJxypVZ8RwC6/I5WGaFHr6cc8=,4GeOGYBqy5OmjOjOT3E/BWmJC+o=
-35,-36,PZUJxypVZ8RwC6/I5WGaFHr6cc8=,4GeOGYBqy5OmjOjOT3E/BWmJC+o=
-37,-36,PZUJxypVZ8RwC6/I5WGaFHr6cc8=,4GeOGYBqy5OmjOjOT3E/BWmJC+o=
-38,-36,PZUJxypVZ8RwC6/I5WGaFHr6cc8=,4GeOGYBqy5OmjOjOT3E/BWmJC+o=
-36,-36,PZUJxypVZ8RwC6/I5WGaFHr6cc8=,4GeOGYBqy5OmjOjOT3E/BWmJC+o=
-39,-36,PZUJxypVZ8RwC6/I5WGaFHr6cc8=,4GeOGYBqy5OmjOjOT3E/BWmJC+o=
-41,-36,PZUJxypVZ8RwC6/I5WGaFHr6cc8=,4GeOGYBqy5OmjOjOT3E/BWmJC+o=
-40,-36,PZUJxypVZ8RwC6/I5WGaFHr6cc8=,4GeOGYBqy5OmjOjOT3E/BWmJC+o=
-42,-36,PZUJxypVZ8RwC6/I5WGaFHr6cc8=,4GeOGYBqy5OmjOjOT3E/BWmJC+o=
-43,-36,PZUJxypVZ8RwC6/I5WGaFHr6cc8=,4GeOGYBqy5OmjOjOT3E/BWmJC+o=
-44,-36,PZUJxypVZ8RwC6/I5WGaFHr6cc8=,4GeOGYBqy5OmjOjOT3E/BWmJC+o=
-46,-36,PZUJxypVZ8RwC6/I5WGaFHr6cc8=,4GeOGYBqy5OmjOjOT3E/BWmJC+o=
-45,-36,PZUJxypVZ8RwC6/I5WGaFHr6cc8=,4GeOGYBqy5OmjOjOT3E/BWmJC+o=
-47,-36,PZUJxypVZ8RwC6/I5WGaFHr6cc8=,4GeOGYBqy5OmjOjOT3E/BWmJC+o=
-47,-47,PZUJxypVZ8RwC6/I5WGaFHr6cc8=,4GeOGYBqy5OmjOjOT3E/BWmJC+o=
-46,-48,PZUJxypVZ8RwC6/I5WGaFHr6cc8=,4GeOGYBqy5OmjOjOT3E/BWmJC+o=
-34,-48,PZUJxypVZ8RwC6/I5WGaFHr6cc8=,4GeOGYBqy5OmjOjOT3E/BWmJC+o=
-33,-37,PZUJxypVZ8RwC6/I5WGaFHr6cc8=,4GeOGYBqy5OmjOjOT3E/BWmJC+o=
-33,-46,PZUJxypVZ8RwC6/I5WGaFHr6cc8=,4GeOGYBqy5OmjOjOT3E/BWmJC+o=
-33,-47,PZUJxypVZ8RwC6/I5WGaFHr6cc8=,4GeOGYBqy5OmjOjOT3E/BWmJC+o=
-34,-37,PZUJxypVZ8RwC6/I5WGaFHr6cc8=,4GeOGYBqy5OmjOjOT3E/BWmJC+o=
-35,-37,PZUJxypVZ8RwC6/I5WGaFHr6cc8=,4GeOGYBqy5OmjOjOT3E/BWmJC+o=
-36,-37,PZUJxypVZ8RwC6/I5WGaFHr6cc8=,4GeOGYBqy5OmjOjOT3E/BWmJC+o=
-37,-37,PZUJxypVZ8RwC6/I5WGaFHr6cc8=,4GeOGYBqy5OmjOjOT3E/BWmJC+o=
-38,-37,PZUJxypVZ8RwC6/I5WGaFHr6cc8=,4GeOGYBqy5OmjOjOT3E/BWmJC+o=
-34,-47,PZUJxypVZ8RwC6/I5WGaFHr6cc8=,4GeOGYBqy5OmjOjOT3E/BWmJC+o=
-39,-37,PZUJxypVZ8RwC6/I5WGaFHr6cc8=,4GeOGYBqy5OmjOjOT3E/BWmJC+o=
-40,-37,PZUJxypVZ8RwC6/I5WGaFHr6cc8=,4GeOGYBqy5OmjOjOT3E/BWmJC+o=
-42,-37,PZUJxypVZ8RwC6/I5WGaFHr6cc8=,4GeOGYBqy5OmjOjOT3E/BWmJC+o=
-43,-37,PZUJxypVZ8RwC6/I5WGaFHr6cc8=,4GeOGYBqy5OmjOjOT3E/BWmJC+o=
-41,-37,PZUJxypVZ8RwC6/I5WGaFHr6cc8=,4GeOGYBqy5OmjOjOT3E/BWmJC+o=
-44,-37,PZUJxypVZ8RwC6/I5WGaFHr6cc8=,4GeOGYBqy5OmjOjOT3E/BWmJC+o=
-45,-37,PZUJxypVZ8RwC6/I5WGaFHr6cc8=,4GeOGYBqy5OmjOjOT3E/BWmJC+o=
-46,-37,PZUJxypVZ8RwC6/I5WGaFHr6cc8=,4GeOGYBqy5OmjOjOT3E/BWmJC+o=
-47,-37,PZUJxypVZ8RwC6/I5WGaFHr6cc8=,4GeOGYBqy5OmjOjOT3E/BWmJC+o=
-35,-48,PZUJxypVZ8RwC6/I5WGaFHr6cc8=,4GeOGYBqy5OmjOjOT3E/BWmJC+o=
-35,-47,PZUJxypVZ8RwC6/I5WGaFHr6cc8=,4GeOGYBqy5OmjOjOT3E/BWmJC+o=
-33,-38,PZUJxypVZ8RwC6/I5WGaFHr6cc8=,4GeOGYBqy5OmjOjOT3E/BWmJC+o=
-34,-46,PZUJxypVZ8RwC6/I5WGaFHr6cc8=,4GeOGYBqy5OmjOjOT3E/BWmJC+o=
-35,-38,PZUJxypVZ8RwC6/I5WGaFHr6cc8=,4GeOGYBqy5OmjOjOT3E/BWmJC+o=
-34,-38,PZUJxypVZ8RwC6/I5WGaFHr6cc8=,4GeOGYBqy5OmjOjOT3E/BWmJC+o=
-36,-38,PZUJxypVZ8RwC6/I5WGaFHr6cc8=,4GeOGYBqy5OmjOjOT3E/BWmJC+o=
-38,-38,PZUJxypVZ8RwC6/I5WGaFHr6cc8=,4GeOGYBqy5OmjOjOT3E/BWmJC+o=
-37,-38,PZUJxypVZ8RwC6/I5WGaFHr6cc8=,4GeOGYBqy5OmjOjOT3E/BWmJC+o=
-39,-38,PZUJxypVZ8RwC6/I5WGaFHr6cc8=,4GeOGYBqy5OmjOjOT3E/BWmJC+o=
-40,-38,PZUJxypVZ8RwC6/I5WGaFHr6cc8=,4GeOGYBqy5OmjOjOT3E/BWmJC+o=
-41,-38,PZUJxypVZ8RwC6/I5WGaFHr6cc8=,4GeOGYBqy5OmjOjOT3E/BWmJC+o=
-42,-38,PZUJxypVZ8RwC6/I5WGaFHr6cc8=,4GeOGYBqy5OmjOjOT3E/BWmJC+o=
-45,-38,PZUJxypVZ8RwC6/I5WGaFHr6cc8=,4GeOGYBqy5OmjOjOT3E/BWmJC+o=
-44,-38,PZUJxypVZ8RwC6/I5WGaFHr6cc8=,4GeOGYBqy5OmjOjOT3E/BWmJC+o=
-43,-38,PZUJxypVZ8RwC6/I5WGaFHr6cc8=,4GeOGYBqy5OmjOjOT3E/BWmJC+o=
-46,-38,PZUJxypVZ8RwC6/I5WGaFHr6cc8=,4GeOGYBqy5OmjOjOT3E/BWmJC+o=
-35,-46,PZUJxypVZ8RwC6/I5WGaFHr6cc8=,4GeOGYBqy5OmjOjOT3E/BWmJC+o=
-47,-38,PZUJxypVZ8RwC6/I5WGaFHr6cc8=,4GeOGYBqy5OmjOjOT3E/BWmJC+o=
-36,-48,PZUJxypVZ8RwC6/I5WGaFHr6cc8=,4GeOGYBqy5OmjOjOT3E/BWmJC+o=
-36,-47,PZUJxypVZ8RwC6/I5WGaFHr6cc8=,4GeOGYBqy5OmjOjOT3E/BWmJC+o=
-33,-39,PZUJxypVZ8RwC6/I5WGaFHr6cc8=,4GeOGYBqy5OmjOjOT3E/BWmJC+o=
-34,-39,PZUJxypVZ8RwC6/I5WGaFHr6cc8=,4GeOGYBqy5OmjOjOT3E/BWmJC+o=
-35,-39,PZUJxypVZ8RwC6/I5WGaFHr6cc8=,4GeOGYBqy5OmjOjOT3E/BWmJC+o=
-36,-39,PZUJxypVZ8RwC6/I5WGaFHr6cc8=,4GeOGYBqy5OmjOjOT3E/BWmJC+o=
-37,-39,PZUJxypVZ8RwC6/I5WGaFHr6cc8=,4GeOGYBqy5OmjOjOT3E/BWmJC+o=
-38,-39,PZUJxypVZ8RwC6/I5WGaFHr6cc8=,4GeOGYBqy5OmjOjOT3E/BWmJC+o=
-39,-39,PZUJxypVZ8RwC6/I5WGaFHr6cc8=,4GeOGYBqy5OmjOjOT3E/BWmJC+o=
-40,-39,PZUJxypVZ8RwC6/I5WGaFHr6cc8=,4GeOGYBqy5OmjOjOT3E/BWmJC+o=
-41,-39,PZUJxypVZ8RwC6/I5WGaFHr6cc8=,4GeOGYBqy5OmjOjOT3E/BWmJC+o=
-42,-39,PZUJxypVZ8RwC6/I5WGaFHr6cc8=,4GeOGYBqy5OmjOjOT3E/BWmJC+o=
-43,-39,PZUJxypVZ8RwC6/I5WGaFHr6cc8=,4GeOGYBqy5OmjOjOT3E/BWmJC+o=
-44,-39,PZUJxypVZ8RwC6/I5WGaFHr6cc8=,4GeOGYBqy5OmjOjOT3E/BWmJC+o=
-45,-39,PZUJxypVZ8RwC6/I5WGaFHr6cc8=,4GeOGYBqy5OmjOjOT3E/BWmJC+o=
-46,-39,PZUJxypVZ8RwC6/I5WGaFHr6cc8=,4GeOGYBqy5OmjOjOT3E/BWmJC+o=
-47,-39,PZUJxypVZ8RwC6/I5WGaFHr6cc8=,4GeOGYBqy5OmjOjOT3E/BWmJC+o=
-36,-46,PZUJxypVZ8RwC6/I5WGaFHr6cc8=,4GeOGYBqy5OmjOjOT3E/BWmJC+o=
-37,-47,PZUJxypVZ8RwC6/I5WGaFHr6cc8=,4GeOGYBqy5OmjOjOT3E/BWmJC+o=
-37,-48,PZUJxypVZ8RwC6/I5WGaFHr6cc8=,4GeOGYBqy5OmjOjOT3E/BWmJC+o=
-33,-40,PZUJxypVZ8RwC6/I5WGaFHr6cc8=,4GeOGYBqy5OmjOjOT3E/BWmJC+o=
-34,-40,PZUJxypVZ8RwC6/I5WGaFHr6cc8=,4GeOGYBqy5OmjOjOT3E/BWmJC+o=
-35,-40,PZUJxypVZ8RwC6/I5WGaFHr6cc8=,4GeOGYBqy5OmjOjOT3E/BWmJC+o=
-36,-40,PZUJxypVZ8RwC6/I5WGaFHr6cc8=,4GeOGYBqy5OmjOjOT3E/BWmJC+o=
-37,-40,PZUJxypVZ8RwC6/I5WGaFHr6cc8=,4GeOGYBqy5OmjOjOT3E/BWmJC+o=
-38,-40,PZUJxypVZ8RwC6/I5WGaFHr6cc8=,4GeOGYBqy5OmjOjOT3E/BWmJC+o=
-39,-40,PZUJxypVZ8RwC6/I5WGaFHr6cc8=,4GeOGYBqy5OmjOjOT3E/BWmJC+o=
-40,-40,PZUJxypVZ8RwC6/I5WGaFHr6cc8=,4GeOGYBqy5OmjOjOT3E/BWmJC+o=
-41,-40,PZUJxypVZ8RwC6/I5WGaFHr6cc8=,4GeOGYBqy5OmjOjOT3E/BWmJC+o=
-42,-40,PZUJxypVZ8RwC6/I5WGaFHr6cc8=,4GeOGYBqy5OmjOjOT3E/BWmJC+o=
-43,-40,PZUJxypVZ8RwC6/I5WGaFHr6cc8=,4GeOGYBqy5OmjOjOT3E/BWmJC+o=
-44,-40,PZUJxypVZ8RwC6/I5WGaFHr6cc8=,4GeOGYBqy5OmjOjOT3E/BWmJC+o=
-45,-40,PZUJxypVZ8RwC6/I5WGaFHr6cc8=,4GeOGYBqy5OmjOjOT3E/BWmJC+o=
-46,-40,PZUJxypVZ8RwC6/I5WGaFHr6cc8=,4GeOGYBqy5OmjOjOT3E/BWmJC+o=
-47,-40,PZUJxypVZ8RwC6/I5WGaFHr6cc8=,4GeOGYBqy5OmjOjOT3E/BWmJC+o=
-37,-46,PZUJxypVZ8RwC6/I5WGaFHr6cc8=,4GeOGYBqy5OmjOjOT3E/BWmJC+o=
-38,-48,PZUJxypVZ8RwC6/I5WGaFHr6cc8=,4GeOGYBqy5OmjOjOT3E/BWmJC+o=
-38,-47,PZUJxypVZ8RwC6/I5WGaFHr6cc8=,4GeOGYBqy5OmjOjOT3E/BWmJC+o=
-33,-41,PZUJxypVZ8RwC6/I5WGaFHr6cc8=,4GeOGYBqy5OmjOjOT3E/BWmJC+o=
-34,-41,PZUJxypVZ8RwC6/I5WGaFHr6cc8=,4GeOGYBqy5OmjOjOT3E/BWmJC+o=
-35,-41,PZUJxypVZ8RwC6/I5WGaFHr6cc8=,4GeOGYBqy5OmjOjOT3E/BWmJC+o=
-36,-41,PZUJxypVZ8RwC6/I5WGaFHr6cc8=,4GeOGYBqy5OmjOjOT3E/BWmJC+o=
-37,-41,PZUJxypVZ8RwC6/I5WGaFHr6cc8=,4GeOGYBqy5OmjOjOT3E/BWmJC+o=
-38,-41,PZUJxypVZ8RwC6/I5WGaFHr6cc8=,4GeOGYBqy5OmjOjOT3E/BWmJC+o=
-39,-41,PZUJxypVZ8RwC6/I5WGaFHr6cc8=,4GeOGYBqy5OmjOjOT3E/BWmJC+o=
-40,-41,PZUJxypVZ8RwC6/I5WGaFHr6cc8=,4GeOGYBqy5OmjOjOT3E/BWmJC+o=
-41,-41,PZUJxypVZ8RwC6/I5WGaFHr6cc8=,4GeOGYBqy5OmjOjOT3E/BWmJC+o=
-42,-41,PZUJxypVZ8RwC6/I5WGaFHr6cc8=,4GeOGYBqy5OmjOjOT3E/BWmJC+o=
-43,-41,PZUJxypVZ8RwC6/I5WGaFHr6cc8=,4GeOGYBqy5OmjOjOT3E/BWmJC+o=
-44,-41,PZUJxypVZ8RwC6/I5WGaFHr6cc8=,4GeOGYBqy5OmjOjOT3E/BWmJC+o=
-46,-41,PZUJxypVZ8RwC6/I5WGaFHr6cc8=,4GeOGYBqy5OmjOjOT3E/BWmJC+o=
-45,-41,PZUJxypVZ8RwC6/I5WGaFHr6cc8=,4GeOGYBqy5OmjOjOT3E/BWmJC+o=
-47,-41,PZUJxypVZ8RwC6/I5WGaFHr6cc8=,4GeOGYBqy5OmjOjOT3E/BWmJC+o=
-38,-46,PZUJxypVZ8RwC6/I5WGaFHr6cc8=,4GeOGYBqy5OmjOjOT3E/BWmJC+o=
-39,-48,PZUJxypVZ8RwC6/I5WGaFHr6cc8=,4GeOGYBqy5OmjOjOT3E/BWmJC+o=
-39,-47,PZUJxypVZ8RwC6/I5WGaFHr6cc8=,4GeOGYBqy5OmjOjOT3E/BWmJC+o=
-33,-42,PZUJxypVZ8RwC6/I5WGaFHr6cc8=,4GeOGYBqy5OmjOjOT3E/BWmJC+o=
-34,-42,PZUJxypVZ8RwC6/I5WGaFHr6cc8=,4GeOGYBqy5OmjOjOT3E/BWmJC+o=
-36,-42,PZUJxypVZ8RwC6/I5WGaFHr6cc8=,4GeOGYBqy5OmjOjOT3E/BWmJC+o=
-35,-42,PZUJxypVZ8RwC6/I5WGaFHr6cc8=,4GeOGYBqy5OmjOjOT3E/BWmJC+o=
-37,-42,PZUJxypVZ8RwC6/I5WGaFHr6cc8=,4GeOGYBqy5OmjOjOT3E/BWmJC+o=
-38,-42,PZUJxypVZ8RwC6/I5WGaFHr6cc8=,4GeOGYBqy5OmjOjOT3E/BWmJC+o=
-39,-42,PZUJxypVZ8RwC6/I5WGaFHr6cc8=,4GeOGYBqy5OmjOjOT3E/BWmJC+o=
-40,-42,PZUJxypVZ8RwC6/I5WGaFHr6cc8=,4GeOGYBqy5OmjOjOT3E/BWmJC+o=
-41,-42,PZUJxypVZ8RwC6/I5WGaFHr6cc8=,4GeOGYBqy5OmjOjOT3E/BWmJC+o=
-42,-42,PZUJxypVZ8RwC6/I5WGaFHr6cc8=,4GeOGYBqy5OmjOjOT3E/BWmJC+o=
-43,-42,PZUJxypVZ8RwC6/I5WGaFHr6cc8=,4GeOGYBqy5OmjOjOT3E/BWmJC+o=
-44,-42,PZUJxypVZ8RwC6/I5WGaFHr6cc8=,4GeOGYBqy5OmjOjOT3E/BWmJC+o=
-45,-42,PZUJxypVZ8RwC6/I5WGaFHr6cc8=,4GeOGYBqy5OmjOjOT3E/BWmJC+o=
-46,-42,PZUJxypVZ8RwC6/I5WGaFHr6cc8=,4GeOGYBqy5OmjOjOT3E/BWmJC+o=
-47,-42,PZUJxypVZ8RwC6/I5WGaFHr6cc8=,4GeOGYBqy5OmjOjOT3E/BWmJC+o=
-39,-46,PZUJxypVZ8RwC6/I5WGaFHr6cc8=,4GeOGYBqy5OmjOjOT3E/BWmJC+o=
-40,-48,PZUJxypVZ8RwC6/I5WGaFHr6cc8=,4GeOGYBqy5OmjOjOT3E/BWmJC+o=
-40,-47,PZUJxypVZ8RwC6/I5WGaFHr6cc8=,4GeOGYBqy5OmjOjOT3E/BWmJC+o=
-33,-43,PZUJxypVZ8RwC6/I5WGaFHr6cc8=,4GeOGYBqy5OmjOjOT3E/BWmJC+o=
-34,-43,PZUJxypVZ8RwC6/I5WGaFHr6cc8=,4GeOGYBqy5OmjOjOT3E/BWmJC+o=
-35,-43,PZUJxypVZ8RwC6/I5WGaFHr6cc8=,4GeOGYBqy5OmjOjOT3E/BWmJC+o=
-36,-43,PZUJxypVZ8RwC6/I5WGaFHr6cc8=,4GeOGYBqy5OmjOjOT3E/BWmJC+o=
-37,-43,PZUJxypVZ8RwC6/I5WGaFHr6cc8=,4GeOGYBqy5OmjOjOT3E/BWmJC+o=
-38,-43,PZUJxypVZ8RwC6/I5WGaFHr6cc8=,4GeOGYBqy5OmjOjOT3E/BWmJC+o=
-39,-43,PZUJxypVZ8RwC6/I5WGaFHr6cc8=,4GeOGYBqy5OmjOjOT3E/BWmJC+o=
-40,-43,PZUJxypVZ8RwC6/I5WGaFHr6cc8=,4GeOGYBqy5OmjOjOT3E/BWmJC+o=
-41,-43,PZUJxypVZ8RwC6/I5WGaFHr6cc8=,4GeOGYBqy5OmjOjOT3E/BWmJC+o=
-42,-43,PZUJxypVZ8RwC6/I5WGaFHr6cc8=,4GeOGYBqy5OmjOjOT3E/BWmJC+o=
-43,-43,PZUJxypVZ8RwC6/I5WGaFHr6cc8=,4GeOGYBqy5OmjOjOT3E/BWmJC+o=
-44,-43,PZUJxypVZ8RwC6/I5WGaFHr6cc8=,4GeOGYBqy5OmjOjOT3E/BWmJC+o=
-46,-43,PZUJxypVZ8RwC6/I5WGaFHr6cc8=,4GeOGYBqy5OmjOjOT3E/BWmJC+o=
-45,-43,PZUJxypVZ8RwC6/I5WGaFHr6cc8=,4GeOGYBqy5OmjOjOT3E/BWmJC+o=
-47,-43,PZUJxypVZ8RwC6/I5WGaFHr6cc8=,4GeOGYBqy5OmjOjOT3E/BWmJC+o=
-41,-48,PZUJxypVZ8RwC6/I5WGaFHr6cc8=,4GeOGYBqy5OmjOjOT3E/BWmJC+o=
-40,-46,PZUJxypVZ8RwC6/I5WGaFHr6cc8=,4GeOGYBqy5OmjOjOT3E/BWmJC+o=
-33,-44,PZUJxypVZ8RwC6/I5WGaFHr6cc8=,4GeOGYBqy5OmjOjOT3E/BWmJC+o=
-41,-47,PZUJxypVZ8RwC6/I5WGaFHr6cc8=,4GeOGYBqy5OmjOjOT3E/BWmJC+o=
-34,-44,PZUJxypVZ8RwC6/I5WGaFHr6cc8=,4GeOGYBqy5OmjOjOT3E/BWmJC+o=
-35,-44,PZUJxypVZ8RwC6/I5WGaFHr6cc8=,4GeOGYBqy5OmjOjOT3E/BWmJC+o=
-36,-44,PZUJxypVZ8RwC6/I5WGaFHr6cc8=,4GeOGYBqy5OmjOjOT3E/BWmJC+o=
-37,-44,PZUJxypVZ8RwC6/I5WGaFHr6cc8=,4GeOGYBqy5OmjOjOT3E/BWmJC+o=
-38,-44,PZUJxypVZ8RwC6/I5WGaFHr6cc8=,4GeOGYBqy5OmjOjOT3E/BWmJC+o=
-40,-44,PZUJxypVZ8RwC6/I5WGaFHr6cc8=,4GeOGYBqy5OmjOjOT3E/BWmJC+o=
-41,-44,PZUJxypVZ8RwC6/I5WGaFHr6cc8=,4GeOGYBqy5OmjOjOT3E/BWmJC+o=
-42,-44,PZUJxypVZ8RwC6/I5WGaFHr6cc8=,4GeOGYBqy5OmjOjOT3E/BWmJC+o=
-39,-44,PZUJxypVZ8RwC6/I5WGaFHr6cc8=,4GeOGYBqy5OmjOjOT3E/BWmJC+o=
-43,-44,PZUJxypVZ8RwC6/I5WGaFHr6cc8=,4GeOGYBqy5OmjOjOT3E/BWmJC+o=
-44,-44,PZUJxypVZ8RwC6/I5WGaFHr6cc8=,4GeOGYBqy5OmjOjOT3E/BWmJC+o=
-45,-44,PZUJxypVZ8RwC6/I5WGaFHr6cc8=,4GeOGYBqy5OmjOjOT3E/BWmJC+o=
-46,-44,PZUJxypVZ8RwC6/I5WGaFHr6cc8=,4GeOGYBqy5OmjOjOT3E/BWmJC+o=
-47,-44,PZUJxypVZ8RwC6/I5WGaFHr6cc8=,4GeOGYBqy5OmjOjOT3E/BWmJC+o=
-42,-48,PZUJxypVZ8RwC6/I5WGaFHr6cc8=,4GeOGYBqy5OmjOjOT3E/BWmJC+o=
-41,-46,PZUJxypVZ8RwC6/I5WGaFHr6cc8=,4GeOGYBqy5OmjOjOT3E/BWmJC+o=
-33,-45,PZUJxypVZ8RwC6/I5WGaFHr6cc8=,4GeOGYBqy5OmjOjOT3E/BWmJC+o=
-42,-47,PZUJxypVZ8RwC6/I5WGaFHr6cc8=,4GeOGYBqy5OmjOjOT3E/BWmJC+o=
-34,-45,PZUJxypVZ8RwC6/I5WGaFHr6cc8=,4GeOGYBqy5OmjOjOT3E/BWmJC+o=
-35,-45,PZUJxypVZ8RwC6/I5WGaFHr6cc8=,4GeOGYBqy5OmjOjOT3E/BWmJC+o=
-36,-45,PZUJxypVZ8RwC6/I5WGaFHr6cc8=,4GeOGYBqy5OmjOjOT3E/BWmJC+o=
-37,-45,PZUJxypVZ8RwC6/I5WGaFHr6cc8=,4GeOGYBqy5OmjOjOT3E/BWmJC+o=
-39,-45,PZUJxypVZ8RwC6/I5WGaFHr6cc8=,4GeOGYBqy5OmjOjOT3E/BWmJC+o=
-38,-45,PZUJxypVZ8RwC6/I5WGaFHr6cc8=,4GeOGYBqy5OmjOjOT3E/BWmJC+o=
-40,-45,PZUJxypVZ8RwC6/I5WGaFHr6cc8=,4GeOGYBqy5OmjOjOT3E/BWmJC+o=
-48,-48,PZUJxypVZ8RwC6/I5WGaFHr6cc8=,4GeOGYBqy5OmjOjOT3E/BWmJC+o=
-39,-33,PZUJxypVZ8RwC6/I5WGaFHr6cc8=,4GeOGYBqy5OmjOjOT3E/BWmJC+o=
-36,-33,PZUJxypVZ8RwC6/I5WGaFHr6cc8=,4GeOGYBqy5OmjOjOT3E/BWmJC+o=
-33,-48,PZUJxypVZ8RwC6/I5WGaFHr6cc8=,4GeOGYBqy5OmjOjOT3E/BWmJC+o=
-38,-33,PZUJxypVZ8RwC6/I5WGaFHr6cc8=,4GeOGYBqy5OmjOjOT3E/BWmJC+o=
-34,-33,PZUJxypVZ8RwC6/I5WGaFHr6cc8=,4GeOGYBqy5OmjOjOT3E/BWmJC+o=
-35,-33,PZUJxypVZ8RwC6/I5WGaFHr6cc8=,4GeOGYBqy5OmjOjOT3E/BWmJC+o=
-48,-33,PZUJxypVZ8RwC6/I5WGaFHr6cc8=,4GeOGYBqy5OmjOjOT3E/BWmJC+o=
-33,-33,PZUJxypVZ8RwC6/I5WGaFHr6cc8=,4GeOGYBqy5OmjOjOT3E/BWmJC+o=
-47,-33,PZUJxypVZ8RwC6/I5WGaFHr6cc8=,4GeOGYBqy5OmjOjOT3E/BWmJC+o=
-46,-33,PZUJxypVZ8RwC6/I5WGaFHr6cc8=,4GeOGYBqy5OmjOjOT3E/BWmJC+o=
-45,-33,PZUJxypVZ8RwC6/I5WGaFHr6cc8=,4GeOGYBqy5OmjOjOT3E/BWmJC+o=
-44,-33,PZUJxypVZ8RwC6/I5WGaFHr6cc8=,4GeOGYBqy5OmjOjOT3E/BWmJC+o=
-43,-33,PZUJxypVZ8RwC6/I5WGaFHr6cc8=,4GeOGYBqy5OmjOjOT3E/BWmJC+o=
-42,-33,PZUJxypVZ8RwC6/I5WGaFHr6cc8=,4GeOGYBqy5OmjOjOT3E/BWmJC+o=
-41,-33,PZUJxypVZ8RwC6/I5WGaFHr6cc8=,4GeOGYBqy5OmjOjOT3E/BWmJC+o=
-40,-33,PZUJxypVZ8RwC6/I5WGaFHr6cc8=,4GeOGYBqy5OmjOjOT3E/BWmJC+o=
-37,-33,PZUJxypVZ8RwC6/I5WGaFHr6cc8=,4GeOGYBqy5OmjOjOT3E/BWmJC+o=
-57,-61,7hVu9bltw8V3iI6rD3T/COl0FGw=,5bdPvTmjXZOAFVyNckizlyMiNz4=
-59,-64,7hVu9bltw8V3iI6rD3T/COl0FGw=,5bdPvTmjXZOAFVyNckizlyMiNz4=
-58,-62,7hVu9bltw8V3iI6rD3T/COl0FGw=,5bdPvTmjXZOAFVyNckizlyMiNz4=
-58,-61,7hVu9bltw8V3iI6rD3T/COl0FGw=,5bdPvTmjXZOAFVyNckizlyMiNz4=
-59,-61,7hVu9bltw8V3iI6rD3T/COl0FGw=,5bdPvTmjXZOAFVyNckizlyMiNz4=
-61,-64,7hVu9bltw8V3iI6rD3T/COl0FGw=,5bdPvTmjXZOAFVyNckizlyMiNz4=
-59,-62,7hVu9bltw8V3iI6rD3T/COl0FGw=,5bdPvTmjXZOAFVyNckizlyMiNz4=
-60,-61,7hVu9bltw8V3iI6rD3T/COl0FGw=,5bdPvTmjXZOAFVyNckizlyMiNz4=
-61,-61,7hVu9bltw8V3iI6rD3T/COl0FGw=,5bdPvTmjXZOAFVyNckizlyMiNz4=
-60,-63,7hVu9bltw8V3iI6rD3T/COl0FGw=,5bdPvTmjXZOAFVyNckizlyMiNz4=
-59,-63,7hVu9bltw8V3iI6rD3T/COl0FGw=,5bdPvTmjXZOAFVyNckizlyMiNz4=
-62,-61,7hVu9bltw8V3iI6rD3T/COl0FGw=,5bdPvTmjXZOAFVyNckizlyMiNz4=
-63,-64,7hVu9bltw8V3iI6rD3T/COl0FGw=,5bdPvTmjXZOAFVyNckizlyMiNz4=
-60,-62,7hVu9bltw8V3iI6rD3T/COl0FGw=,5bdPvTmjXZOAFVyNckizlyMiNz4=
-49,-49,7hVu9bltw8V3iI6rD3T/COl0FGw=,5bdPvTmjXZOAFVyNckizlyMiNz4=
-50,-49,7hVu9bltw8V3iI6rD3T/COl0FGw=,5bdPvTmjXZOAFVyNckizlyMiNz4=
-51,-49,7hVu9bltw8V3iI6rD3T/COl0FGw=,5bdPvTmjXZOAFVyNckizlyMiNz4=
-52,-49,7hVu9bltw8V3iI6rD3T/COl0FGw=,5bdPvTmjXZOAFVyNckizlyMiNz4=
-58,-49,nqoG0HXPjppQv2CUzTVqvhFWMEk=,5bdPvTmjXZOAFVyNckizlyMiNz4=
-60,-49,nqoG0HXPjppQv2CUzTVqvhFWMEk=,5bdPvTmjXZOAFVyNckizlyMiNz4=
-59,-49,nqoG0HXPjppQv2CUzTVqvhFWMEk=,5bdPvTmjXZOAFVyNckizlyMiNz4=
-61,-49,nqoG0HXPjppQv2CUzTVqvhFWMEk=,5bdPvTmjXZOAFVyNckizlyMiNz4=
-62,-49,nqoG0HXPjppQv2CUzTVqvhFWMEk=,5bdPvTmjXZOAFVyNckizlyMiNz4=
-53,-49,nqoG0HXPjppQv2CUzTVqvhFWMEk=,5bdPvTmjXZOAFVyNckizlyMiNz4=
-57,-49,nqoG0HXPjppQv2CUzTVqvhFWMEk=,5bdPvTmjXZOAFVyNckizlyMiNz4=
-60,-64,nqoG0HXPjppQv2CUzTVqvhFWMEk=,5bdPvTmjXZOAFVyNckizlyMiNz4=
-63,-61,nqoG0HXPjppQv2CUzTVqvhFWMEk=,5bdPvTmjXZOAFVyNckizlyMiNz4=
-61,-62,nqoG0HXPjppQv2CUzTVqvhFWMEk=,5bdPvTmjXZOAFVyNckizlyMiNz4=
-49,-50,nqoG0HXPjppQv2CUzTVqvhFWMEk=,5bdPvTmjXZOAFVyNckizlyMiNz4=
-50,-50,nqoG0HXPjppQv2CUzTVqvhFWMEk=,5bdPvTmjXZOAFVyNckizlyMiNz4=
-51,-50,nqoG0HXPjppQv2CUzTVqvhFWMEk=,5bdPvTmjXZOAFVyNckizlyMiNz4=
-52,-50,nqoG0HXPjppQv2CUzTVqvhFWMEk=,5bdPvTmjXZOAFVyNckizlyMiNz4=
-53,-50,nqoG0HXPjppQv2CUzTVqvhFWMEk=,5bdPvTmjXZOAFVyNckizlyMiNz4=
-54,-49,nqoG0HXPjppQv2CUzTVqvhFWMEk=,5bdPvTmjXZOAFVyNckizlyMiNz4=
-54,-50,nqoG0HXPjppQv2CUzTVqvhFWMEk=,5bdPvTmjXZOAFVyNckizlyMiNz4=
-63,-49,nqoG0HXPjppQv2CUzTVqvhFWMEk=,5bdPvTmjXZOAFVyNckizlyMiNz4=
-58,-50,nqoG0HXPjppQv2CUzTVqvhFWMEk=,5bdPvTmjXZOAFVyNckizlyMiNz4=
-59,-50,nqoG0HXPjppQv2CUzTVqvhFWMEk=,5bdPvTmjXZOAFVyNckizlyMiNz4=
-60,-50,nqoG0HXPjppQv2CUzTVqvhFWMEk=,5bdPvTmjXZOAFVyNckizlyMiNz4=
-61,-50,nqoG0HXPjppQv2CUzTVqvhFWMEk=,5bdPvTmjXZOAFVyNckizlyMiNz4=
-57,-50,nqoG0HXPjppQv2CUzTVqvhFWMEk=,5bdPvTmjXZOAFVyNckizlyMiNz4=
-55,-49,nqoG0HXPjppQv2CUzTVqvhFWMEk=,5bdPvTmjXZOAFVyNckizlyMiNz4=
-61,-63,nqoG0HXPjppQv2CUzTVqvhFWMEk=,5bdPvTmjXZOAFVyNckizlyMiNz4=
-56,-50,nqoG0HXPjppQv2CUzTVqvhFWMEk=,5bdPvTmjXZOAFVyNckizlyMiNz4=
-49,-51,nqoG0HXPjppQv2CUzTVqvhFWMEk=,5bdPvTmjXZOAFVyNckizlyMiNz4=
-62,-62,nqoG0HXPjppQv2CUzTVqvhFWMEk=,5bdPvTmjXZOAFVyNckizlyMiNz4=
-50,-51,nqoG0HXPjppQv2CUzTVqvhFWMEk=,5bdPvTmjXZOAFVyNckizlyMiNz4=
-51,-51,nqoG0HXPjppQv2CUzTVqvhFWMEk=,5bdPvTmjXZOAFVyNckizlyMiNz4=
-52,-51,nqoG0HXPjppQv2CUzTVqvhFWMEk=,5bdPvTmjXZOAFVyNckizlyMiNz4=
-53,-51,nqoG0HXPjppQv2CUzTVqvhFWMEk=,5bdPvTmjXZOAFVyNckizlyMiNz4=
-54,-51,nqoG0HXPjppQv2CUzTVqvhFWMEk=,5bdPvTmjXZOAFVyNckizlyMiNz4=
-56,-49,nqoG0HXPjppQv2CUzTVqvhFWMEk=,5bdPvTmjXZOAFVyNckizlyMiNz4=
-55,-50,nqoG0HXPjppQv2CUzTVqvhFWMEk=,5bdPvTmjXZOAFVyNckizlyMiNz4=
-62,-50,nqoG0HXPjppQv2CUzTVqvhFWMEk=,5bdPvTmjXZOAFVyNckizlyMiNz4=
-55,-51,nqoG0HXPjppQv2CUzTVqvhFWMEk=,5bdPvTmjXZOAFVyNckizlyMiNz4=
-59,-51,nqoG0HXPjppQv2CUzTVqvhFWMEk=,5bdPvTmjXZOAFVyNckizlyMiNz4=
-60,-51,nqoG0HXPjppQv2CUzTVqvhFWMEk=,5bdPvTmjXZOAFVyNckizlyMiNz4=
-64,-50,nqoG0HXPjppQv2CUzTVqvhFWMEk=,5bdPvTmjXZOAFVyNckizlyMiNz4=
-64,-49,nqoG0HXPjppQv2CUzTVqvhFWMEk=,5bdPvTmjXZOAFVyNckizlyMiNz4=
-58,-51,nqoG0HXPjppQv2CUzTVqvhFWMEk=,5bdPvTmjXZOAFVyNckizlyMiNz4=
-61,-51,nqoG0HXPjppQv2CUzTVqvhFWMEk=,5bdPvTmjXZOAFVyNckizlyMiNz4=
-62,-63,nqoG0HXPjppQv2CUzTVqvhFWMEk=,5bdPvTmjXZOAFVyNckizlyMiNz4=
-49,-52,nqoG0HXPjppQv2CUzTVqvhFWMEk=,5bdPvTmjXZOAFVyNckizlyMiNz4=
-63,-62,nqoG0HXPjppQv2CUzTVqvhFWMEk=,5bdPvTmjXZOAFVyNckizlyMiNz4=
-50,-52,nqoG0HXPjppQv2CUzTVqvhFWMEk=,5bdPvTmjXZOAFVyNckizlyMiNz4=
-51,-52,nqoG0HXPjppQv2CUzTVqvhFWMEk=,5bdPvTmjXZOAFVyNckizlyMiNz4=
-52,-52,nqoG0HXPjppQv2CUzTVqvhFWMEk=,5bdPvTmjXZOAFVyNckizlyMiNz4=
-53,-52,nqoG0HXPjppQv2CUzTVqvhFWMEk=,5bdPvTmjXZOAFVyNckizlyMiNz4=
-63,-50,nqoG0HXPjppQv2CUzTVqvhFWMEk=,5bdPvTmjXZOAFVyNckizlyMiNz4=
-54,-52,nqoG0HXPjppQv2CUzTVqvhFWMEk=,5bdPvTmjXZOAFVyNckizlyMiNz4=
-57,-51,nqoG0HXPjppQv2CUzTVqvhFWMEk=,5bdPvTmjXZOAFVyNckizlyMiNz4=
-62,-51,nqoG0HXPjppQv2CUzTVqvhFWMEk=,5bdPvTmjXZOAFVyNckizlyMiNz4=
-56,-51,nqoG0HXPjppQv2CUzTVqvhFWMEk=,5bdPvTmjXZOAFVyNckizlyMiNz4=
-59,-52,nqoG0HXPjppQv2CUzTVqvhFWMEk=,5bdPvTmjXZOAFVyNckizlyMiNz4=
-56,-52,nqoG0HXPjppQv2CUzTVqvhFWMEk=,5bdPvTmjXZOAFVyNckizlyMiNz4=
-55,-52,nqoG0HXPjppQv2CUzTVqvhFWMEk=,5bdPvTmjXZOAFVyNckizlyMiNz4=
-60,-52,nqoG0HXPjppQv2CUzTVqvhFWMEk=,5bdPvTmjXZOAFVyNckizlyMiNz4=
-61,-52,nqoG0HXPjppQv2CUzTVqvhFWMEk=,5bdPvTmjXZOAFVyNckizlyMiNz4=
-63,-63,nqoG0HXPjppQv2CUzTVqvhFWMEk=,5bdPvTmjXZOAFVyNckizlyMiNz4=
-57,-52,nqoG0HXPjppQv2CUzTVqvhFWMEk=,5bdPvTmjXZOAFVyNckizlyMiNz4=
-64,-63,nqoG0HXPjppQv2CUzTVqvhFWMEk=,5bdPvTmjXZOAFVyNckizlyMiNz4=
-64,-64,nqoG0HXPjppQv2CUzTVqvhFWMEk=,5bdPvTmjXZOAFVyNckizlyMiNz4=
-62,-64,nqoG0HXPjppQv2CUzTVqvhFWMEk=,5bdPvTmjXZOAFVyNckizlyMiNz4=
-49,-64,nqoG0HXPjppQv2CUzTVqvhFWMEk=,5bdPvTmjXZOAFVyNckizlyMiNz4=
-64,-61,nqoG0HXPjppQv2CUzTVqvhFWMEk=,5bdPvTmjXZOAFVyNckizlyMiNz4=
-49,-62,nqoG0HXPjppQv2CUzTVqvhFWMEk=,5bdPvTmjXZOAFVyNckizlyMiNz4=
-50,-64,nqoG0HXPjppQv2CUzTVqvhFWMEk=,5bdPvTmjXZOAFVyNckizlyMiNz4=
-64,-62,nqoG0HXPjppQv2CUzTVqvhFWMEk=,5bdPvTmjXZOAFVyNckizlyMiNz4=
-49,-63,nqoG0HXPjppQv2CUzTVqvhFWMEk=,5bdPvTmjXZOAFVyNckizlyMiNz4=
-50,-63,nqoG0HXPjppQv2CUzTVqvhFWMEk=,5bdPvTmjXZOAFVyNckizlyMiNz4=
-49,-53,nqoG0HXPjppQv2CUzTVqvhFWMEk=,5bdPvTmjXZOAFVyNckizlyMiNz4=
-50,-53,nqoG0HXPjppQv2CUzTVqvhFWMEk=,5bdPvTmjXZOAFVyNckizlyMiNz4=
-51,-53,nqoG0HXPjppQv2CUzTVqvhFWMEk=,5bdPvTmjXZOAFVyNckizlyMiNz4=
-52,-53,nqoG0HXPjppQv2CUzTVqvhFWMEk=,5bdPvTmjXZOAFVyNckizlyMiNz4=
-53,-53,nqoG0HXPjppQv2CUzTVqvhFWMEk=,5bdPvTmjXZOAFVyNckizlyMiNz4=
-64,-51,nqoG0HXPjppQv2CUzTVqvhFWMEk=,5bdPvTmjXZOAFVyNckizlyMiNz4=
-63,-51,nqoG0HXPjppQv2CUzTVqvhFWMEk=,5bdPvTmjXZOAFVyNckizlyMiNz4=
-58,-52,nqoG0HXPjppQv2CUzTVqvhFWMEk=,5bdPvTmjXZOAFVyNckizlyMiNz4=
-55,-53,nqoG0HXPjppQv2CUzTVqvhFWMEk=,5bdPvTmjXZOAFVyNckizlyMiNz4=
-54,-53,nqoG0HXPjppQv2CUzTVqvhFWMEk=,5bdPvTmjXZOAFVyNckizlyMiNz4=
-62,-52,nqoG0HXPjppQv2CUzTVqvhFWMEk=,5bdPvTmjXZOAFVyNckizlyMiNz4=
-64,-52,nqoG0HXPjppQv2CUzTVqvhFWMEk=,5bdPvTmjXZOAFVyNckizlyMiNz4=
-59,-53,nqoG0HXPjppQv2CUzTVqvhFWMEk=,5bdPvTmjXZOAFVyNckizlyMiNz4=
-56,-53,nqoG0HXPjppQv2CUzTVqvhFWMEk=,5bdPvTmjXZOAFVyNckizlyMiNz4=
-58,-53,nqoG0HXPjppQv2CUzTVqvhFWMEk=,5bdPvTmjXZOAFVyNckizlyMiNz4=
-51,-64,nqoG0HXPjppQv2CUzTVqvhFWMEk=,5bdPvTmjXZOAFVyNckizlyMiNz4=
-50,-62,nqoG0HXPjppQv2CUzTVqvhFWMEk=,5bdPvTmjXZOAFVyNckizlyMiNz4=
-64,-53,nqoG0HXPjppQv2CUzTVqvhFWMEk=,5bdPvTmjXZOAFVyNckizlyMiNz4=
-49,-54,nqoG0HXPjppQv2CUzTVqvhFWMEk=,5bdPvTmjXZOAFVyNckizlyMiNz4=
-51,-63,nqoG0HXPjppQv2CUzTVqvhFWMEk=,5bdPvTmjXZOAFVyNckizlyMiNz4=
-50,-54,nqoG0HXPjppQv2CUzTVqvhFWMEk=,5bdPvTmjXZOAFVyNckizlyMiNz4=
-51,-54,nqoG0HXPjppQv2CUzTVqvhFWMEk=,5bdPvTmjXZOAFVyNckizlyMiNz4=
-52,-54,nqoG0HXPjppQv2CUzTVqvhFWMEk=,5bdPvTmjXZOAFVyNckizlyMiNz4=
-53,-54,nqoG0HXPjppQv2CUzTVqvhFWMEk=,5bdPvTmjXZOAFVyNckizlyMiNz4=
-54,-54,nqoG0HXPjppQv2CUzTVqvhFWMEk=,5bdPvTmjXZOAFVyNckizlyMiNz4=
-55,-54,nqoG0HXPjppQv2CUzTVqvhFWMEk=,5bdPvTmjXZOAFVyNckizlyMiNz4=
-56,-54,nqoG0HXPjppQv2CUzTVqvhFWMEk=,5bdPvTmjXZOAFVyNckizlyMiNz4=
-60,-53,nqoG0HXPjppQv2CUzTVqvhFWMEk=,5bdPvTmjXZOAFVyNckizlyMiNz4=
-58,-54,nqoG0HXPjppQv2CUzTVqvhFWMEk=,5bdPvTmjXZOAFVyNckizlyMiNz4=
-57,-53,nqoG0HXPjppQv2CUzTVqvhFWMEk=,5bdPvTmjXZOAFVyNckizlyMiNz4=
-60,-54,nqoG0HXPjppQv2CUzTVqvhFWMEk=,5bdPvTmjXZOAFVyNckizlyMiNz4=
-63,-53,nqoG0HXPjppQv2CUzTVqvhFWMEk=,5bdPvTmjXZOAFVyNckizlyMiNz4=
-61,-53,nqoG0HXPjppQv2CUzTVqvhFWMEk=,5bdPvTmjXZOAFVyNckizlyMiNz4=
-63,-54,nqoG0HXPjppQv2CUzTVqvhFWMEk=,5bdPvTmjXZOAFVyNckizlyMiNz4=
-51,-62,nqoG0HXPjppQv2CUzTVqvhFWMEk=,5bdPvTmjXZOAFVyNckizlyMiNz4=
-52,-64,nqoG0HXPjppQv2CUzTVqvhFWMEk=,5bdPvTmjXZOAFVyNckizlyMiNz4=
-64,-54,nqoG0HXPjppQv2CUzTVqvhFWMEk=,5bdPvTmjXZOAFVyNckizlyMiNz4=
-49,-55,nqoG0HXPjppQv2CUzTVqvhFWMEk=,5bdPvTmjXZOAFVyNckizlyMiNz4=
-52,-63,nqoG0HXPjppQv2CUzTVqvhFWMEk=,5bdPvTmjXZOAFVyNckizlyMiNz4=
-50,-55,nqoG0HXPjppQv2CUzTVqvhFWMEk=,5bdPvTmjXZOAFVyNckizlyMiNz4=
-51,-55,nqoG0HXPjppQv2CUzTVqvhFWMEk=,5bdPvTmjXZOAFVyNckizlyMiNz4=
-52,-55,nqoG0HXPjppQv2CUzTVqvhFWMEk=,5bdPvTmjXZOAFVyNckizlyMiNz4=
-53,-55,nqoG0HXPjppQv2CUzTVqvhFWMEk=,5bdPvTmjXZOAFVyNckizlyMiNz4=
-54,-55,nqoG0HXPjppQv2CUzTVqvhFWMEk=,5bdPvTmjXZOAFVyNckizlyMiNz4=
-55,-55,nqoG0HXPjppQv2CUzTVqvhFWMEk=,5bdPvTmjXZOAFVyNckizlyMiNz4=
-56,-55,nqoG0HXPjppQv2CUzTVqvhFWMEk=,5bdPvTmjXZOAFVyNckizlyMiNz4=
-62,-53,nqoG0HXPjppQv2CUzTVqvhFWMEk=,5bdPvTmjXZOAFVyNckizlyMiNz4=
-58,-55,nqoG0HXPjppQv2CUzTVqvhFWMEk=,5bdPvTmjXZOAFVyNckizlyMiNz4=
-63,-52,nqoG0HXPjppQv2CUzTVqvhFWMEk=,5bdPvTmjXZOAFVyNckizlyMiNz4=
-57,-55,nqoG0HXPjppQv2CUzTVqvhFWMEk=,5bdPvTmjXZOAFVyNckizlyMiNz4=
-57,-54,nqoG0HXPjppQv2CUzTVqvhFWMEk=,5bdPvTmjXZOAFVyNckizlyMiNz4=
-59,-55,nqoG0HXPjppQv2CUzTVqvhFWMEk=,5bdPvTmjXZOAFVyNckizlyMiNz4=
-62,-54,nqoG0HXPjppQv2CUzTVqvhFWMEk=,5bdPvTmjXZOAFVyNckizlyMiNz4=
-52,-62,nqoG0HXPjppQv2CUzTVqvhFWMEk=,5bdPvTmjXZOAFVyNckizlyMiNz4=
-53,-64,nqoG0HXPjppQv2CUzTVqvhFWMEk=,5bdPvTmjXZOAFVyNckizlyMiNz4=
-64,-55,nqoG0HXPjppQv2CUzTVqvhFWMEk=,5bdPvTmjXZOAFVyNckizlyMiNz4=
-49,-56,nqoG0HXPjppQv2CUzTVqvhFWMEk=,5bdPvTmjXZOAFVyNckizlyMiNz4=
-53,-63,nqoG0HXPjppQv2CUzTVqvhFWMEk=,5bdPvTmjXZOAFVyNckizlyMiNz4=
-50,-56,nqoG0HXPjppQv2CUzTVqvhFWMEk=,5bdPvTmjXZOAFVyNckizlyMiNz4=
-51,-56,nqoG0HXPjppQv2CUzTVqvhFWMEk=,5bdPvTmjXZOAFVyNckizlyMiNz4=
-52,-56,nqoG0HXPjppQv2CUzTVqvhFWMEk=,5bdPvTmjXZOAFVyNckizlyMiNz4=
-53,-56,nqoG0HXPjppQv2CUzTVqvhFWMEk=,5bdPvTmjXZOAFVyNckizlyMiNz4=
-54,-56,nqoG0HXPjppQv2CUzTVqvhFWMEk=,5bdPvTmjXZOAFVyNckizlyMiNz4=
-55,-56,nqoG0HXPjppQv2CUzTVqvhFWMEk=,5bdPvTmjXZOAFVyNckizlyMiNz4=
-56,-56,nqoG0HXPjppQv2CUzTVqvhFWMEk=,5bdPvTmjXZOAFVyNckizlyMiNz4=
-57,-56,nqoG0HXPjppQv2CUzTVqvhFWMEk=,5bdPvTmjXZOAFVyNckizlyMiNz4=
-58,-56,nqoG0HXPjppQv2CUzTVqvhFWMEk=,5bdPvTmjXZOAFVyNckizlyMiNz4=
-59,-56,nqoG0HXPjppQv2CUzTVqvhFWMEk=,5bdPvTmjXZOAFVyNckizlyMiNz4=
-60,-56,nqoG0HXPjppQv2CUzTVqvhFWMEk=,5bdPvTmjXZOAFVyNckizlyMiNz4=
-61,-56,nqoG0HXPjppQv2CUzTVqvhFWMEk=,5bdPvTmjXZOAFVyNckizlyMiNz4=
-62,-56,nqoG0HXPjppQv2CUzTVqvhFWMEk=,5bdPvTmjXZOAFVyNckizlyMiNz4=
-63,-56,nqoG0HXPjppQv2CUzTVqvhFWMEk=,5bdPvTmjXZOAFVyNckizlyMiNz4=
-53,-62,nqoG0HXPjppQv2CUzTVqvhFWMEk=,5bdPvTmjXZOAFVyNckizlyMiNz4=
-54,-64,nqoG0HXPjppQv2CUzTVqvhFWMEk=,5bdPvTmjXZOAFVyNckizlyMiNz4=
-64,-56,nqoG0HXPjppQv2CUzTVqvhFWMEk=,5bdPvTmjXZOAFVyNckizlyMiNz4=
-49,-57,nqoG0HXPjppQv2CUzTVqvhFWMEk=,5bdPvTmjXZOAFVyNckizlyMiNz4=
-54,-63,nqoG0HXPjppQv2CUzTVqvhFWMEk=,5bdPvTmjXZOAFVyNckizlyMiNz4=
-50,-57,nqoG0HXPjppQv2CUzTVqvhFWMEk=,5bdPvTmjXZOAFVyNckizlyMiNz4=
-51,-57,nqoG0HXPjppQv2CUzTVqvhFWMEk=,5bdPvTmjXZOAFVyNckizlyMiNz4=
-52,-57,nqoG0HXPjppQv2CUzTVqvhFWMEk=,5bdPvTmjXZOAFVyNckizlyMiNz4=
-53,-57,nqoG0HXPjppQv2CUzTVqvhFWMEk=,5bdPvTmjXZOAFVyNckizlyMiNz4=
-54,-57,nqoG0HXPjppQv2CUzTVqvhFWMEk=,5bdPvTmjXZOAFVyNckizlyMiNz4=
-55,-57,nqoG0HXPjppQv2CUzTVqvhFWMEk=,5bdPvTmjXZOAFVyNckizlyMiNz4=
-56,-57,nqoG0HXPjppQv2CUzTVqvhFWMEk=,5bdPvTmjXZOAFVyNckizlyMiNz4=
-57,-57,nqoG0HXPjppQv2CUzTVqvhFWMEk=,5bdPvTmjXZOAFVyNckizlyMiNz4=
-58,-57,nqoG0HXPjppQv2CUzTVqvhFWMEk=,5bdPvTmjXZOAFVyNckizlyMiNz4=
-59,-57,nqoG0HXPjppQv2CUzTVqvhFWMEk=,5bdPvTmjXZOAFVyNckizlyMiNz4=
-60,-57,nqoG0HXPjppQv2CUzTVqvhFWMEk=,5bdPvTmjXZOAFVyNckizlyMiNz4=
-61,-57,nqoG0HXPjppQv2CUzTVqvhFWMEk=,5bdPvTmjXZOAFVyNckizlyMiNz4=
-62,-57,nqoG0HXPjppQv2CUzTVqvhFWMEk=,5bdPvTmjXZOAFVyNckizlyMiNz4=
-63,-57,nqoG0HXPjppQv2CUzTVqvhFWMEk=,5bdPvTmjXZOAFVyNckizlyMiNz4=
-54,-62,nqoG0HXPjppQv2CUzTVqvhFWMEk=,5bdPvTmjXZOAFVyNckizlyMiNz4=
-55,-64,nqoG0HXPjppQv2CUzTVqvhFWMEk=,5bdPvTmjXZOAFVyNckizlyMiNz4=
-64,-57,nqoG0HXPjppQv2CUzTVqvhFWMEk=,5bdPvTmjXZOAFVyNckizlyMiNz4=
-49,-58,nqoG0HXPjppQv2CUzTVqvhFWMEk=,5bdPvTmjXZOAFVyNckizlyMiNz4=
-55,-63,nqoG0HXPjppQv2CUzTVqvhFWMEk=,5bdPvTmjXZOAFVyNckizlyMiNz4=
-50,-58,nqoG0HXPjppQv2CUzTVqvhFWMEk=,5bdPvTmjXZOAFVyNckizlyMiNz4=
-51,-58,nqoG0HXPjppQv2CUzTVqvhFWMEk=,5bdPvTmjXZOAFVyNckizlyMiNz4=
-52,-58,nqoG0HXPjppQv2CUzTVqvhFWMEk=,5bdPvTmjXZOAFVyNckizlyMiNz4=
-53,-58,nqoG0HXPjppQv2CUzTVqvhFWMEk=,5bdPvTmjXZOAFVyNckizlyMiNz4=
-54,-58,nqoG0HXPjppQv2CUzTVqvhFWMEk=,5bdPvTmjXZOAFVyNckizlyMiNz4=
-55,-58,nqoG0HXPjppQv2CUzTVqvhFWMEk=,5bdPvTmjXZOAFVyNckizlyMiNz4=
-56,-58,nqoG0HXPjppQv2CUzTVqvhFWMEk=,5bdPvTmjXZOAFVyNckizlyMiNz4=
-57,-58,nqoG0HXPjppQv2CUzTVqvhFWMEk=,5bdPvTmjXZOAFVyNckizlyMiNz4=
-58,-58,nqoG0HXPjppQv2CUzTVqvhFWMEk=,5bdPvTmjXZOAFVyNckizlyMiNz4=
-59,-58,nqoG0HXPjppQv2CUzTVqvhFWMEk=,5bdPvTmjXZOAFVyNckizlyMiNz4=
-60,-58,nqoG0HXPjppQv2CUzTVqvhFWMEk=,5bdPvTmjXZOAFVyNckizlyMiNz4=
-61,-58,nqoG0HXPjppQv2CUzTVqvhFWMEk=,5bdPvTmjXZOAFVyNckizlyMiNz4=
-62,-58,nqoG0HXPjppQv2CUzTVqvhFWMEk=,5bdPvTmjXZOAFVyNckizlyMiNz4=
-63,-58,nqoG0HXPjppQv2CUzTVqvhFWMEk=,5bdPvTmjXZOAFVyNckizlyMiNz4=
-55,-62,nqoG0HXPjppQv2CUzTVqvhFWMEk=,5bdPvTmjXZOAFVyNckizlyMiNz4=
-56,-64,nqoG0HXPjppQv2CUzTVqvhFWMEk=,5bdPvTmjXZOAFVyNckizlyMiNz4=
-64,-58,nqoG0HXPjppQv2CUzTVqvhFWMEk=,5bdPvTmjXZOAFVyNckizlyMiNz4=
-49,-59,nqoG0HXPjppQv2CUzTVqvhFWMEk=,5bdPvTmjXZOAFVyNckizlyMiNz4=
-56,-63,nqoG0HXPjppQv2CUzTVqvhFWMEk=,5bdPvTmjXZOAFVyNckizlyMiNz4=
-50,-59,nqoG0HXPjppQv2CUzTVqvhFWMEk=,5bdPvTmjXZOAFVyNckizlyMiNz4=
-51,-59,nqoG0HXPjppQv2CUzTVqvhFWMEk=,5bdPvTmjXZOAFVyNckizlyMiNz4=
-52,-59,nqoG0HXPjppQv2CUzTVqvhFWMEk=,5bdPvTmjXZOAFVyNckizlyMiNz4=
-53,-59,nqoG0HXPjppQv2CUzTVqvhFWMEk=,5bdPvTmjXZOAFVyNckizlyMiNz4=
-54,-59,nqoG0HXPjppQv2CUzTVqvhFWMEk=,5bdPvTmjXZOAFVyNckizlyMiNz4=
-55,-59,nqoG0HXPjppQv2CUzTVqvhFWMEk=,5bdPvTmjXZOAFVyNckizlyMiNz4=
-56,-59,nqoG0HXPjppQv2CUzTVqvhFWMEk=,5bdPvTmjXZOAFVyNckizlyMiNz4=
-58,-59,nqoG0HXPjppQv2CUzTVqvhFWMEk=,5bdPvTmjXZOAFVyNckizlyMiNz4=
-57,-59,nqoG0HXPjppQv2CUzTVqvhFWMEk=,5bdPvTmjXZOAFVyNckizlyMiNz4=
-59,-59,nqoG0HXPjppQv2CUzTVqvhFWMEk=,5bdPvTmjXZOAFVyNckizlyMiNz4=
-60,-59,nqoG0HXPjppQv2CUzTVqvhFWMEk=,5bdPvTmjXZOAFVyNckizlyMiNz4=
-61,-59,nqoG0HXPjppQv2CUzTVqvhFWMEk=,5bdPvTmjXZOAFVyNckizlyMiNz4=
-62,-59,nqoG0HXPjppQv2CUzTVqvhFWMEk=,5bdPvTmjXZOAFVyNckizlyMiNz4=
-63,-59,nqoG0HXPjppQv2CUzTVqvhFWMEk=,5bdPvTmjXZOAFVyNckizlyMiNz4=
-57,-64,nqoG0HXPjppQv2CUzTVqvhFWMEk=,5bdPvTmjXZOAFVyNckizlyMiNz4=
-56,-62,nqoG0HXPjppQv2CUzTVqvhFWMEk=,5bdPvTmjXZOAFVyNckizlyMiNz4=
-64,-59,nqoG0HXPjppQv2CUzTVqvhFWMEk=,5bdPvTmjXZOAFVyNckizlyMiNz4=
-57,-63,nqoG0HXPjppQv2CUzTVqvhFWMEk=,5bdPvTmjXZOAFVyNckizlyMiNz4=
-49,-60,nqoG0HXPjppQv2CUzTVqvhFWMEk=,5bdPvTmjXZOAFVyNckizlyMiNz4=
-50,-60,nqoG0HXPjppQv2CUzTVqvhFWMEk=,5bdPvTmjXZOAFVyNckizlyMiNz4=
-51,-60,nqoG0HXPjppQv2CUzTVqvhFWMEk=,5bdPvTmjXZOAFVyNckizlyMiNz4=
-52,-60,nqoG0HXPjppQv2CUzTVqvhFWMEk=,5bdPvTmjXZOAFVyNckizlyMiNz4=
-53,-60,nqoG0HXPjppQv2CUzTVqvhFWMEk=,5bdPvTmjXZOAFVyNckizlyMiNz4=
-54,-60,nqoG0HXPjppQv2CUzTVqvhFWMEk=,5bdPvTmjXZOAFVyNckizlyMiNz4=
-55,-60,nqoG0HXPjppQv2CUzTVqvhFWMEk=,5bdPvTmjXZOAFVyNckizlyMiNz4=
-56,-60,nqoG0HXPjppQv2CUzTVqvhFWMEk=,5bdPvTmjXZOAFVyNckizlyMiNz4=
-57,-60,nqoG0HXPjppQv2CUzTVqvhFWMEk=,5bdPvTmjXZOAFVyNckizlyMiNz4=
-58,-60,nqoG0HXPjppQv2CUzTVqvhFWMEk=,5bdPvTmjXZOAFVyNckizlyMiNz4=
-59,-60,nqoG0HXPjppQv2CUzTVqvhFWMEk=,5bdPvTmjXZOAFVyNckizlyMiNz4=
-60,-60,nqoG0HXPjppQv2CUzTVqvhFWMEk=,5bdPvTmjXZOAFVyNckizlyMiNz4=
-61,-60,nqoG0HXPjppQv2CUzTVqvhFWMEk=,5bdPvTmjXZOAFVyNckizlyMiNz4=
-62,-60,nqoG0HXPjppQv2CUzTVqvhFWMEk=,5bdPvTmjXZOAFVyNckizlyMiNz4=
-63,-60,nqoG0HXPjppQv2CUzTVqvhFWMEk=,5bdPvTmjXZOAFVyNckizlyMiNz4=
-58,-64,nqoG0HXPjppQv2CUzTVqvhFWMEk=,5bdPvTmjXZOAFVyNckizlyMiNz4=
-57,-62,nqoG0HXPjppQv2CUzTVqvhFWMEk=,5bdPvTmjXZOAFVyNckizlyMiNz4=
-64,-60,nqoG0HXPjppQv2CUzTVqvhFWMEk=,5bdPvTmjXZOAFVyNckizlyMiNz4=
-49,-61,nqoG0HXPjppQv2CUzTVqvhFWMEk=,5bdPvTmjXZOAFVyNckizlyMiNz4=
-58,-63,nqoG0HXPjppQv2CUzTVqvhFWMEk=,5bdPvTmjXZOAFVyNckizlyMiNz4=
-50,-61,nqoG0HXPjppQv2CUzTVqvhFWMEk=,5bdPvTmjXZOAFVyNckizlyMiNz4=
-51,-61,nqoG0HXPjppQv2CUzTVqvhFWMEk=,5bdPvTmjXZOAFVyNckizlyMiNz4=
-52,-61,nqoG0HXPjppQv2CUzTVqvhFWMEk=,5bdPvTmjXZOAFVyNckizlyMiNz4=
-53,-61,nqoG0HXPjppQv2CUzTVqvhFWMEk=,5bdPvTmjXZOAFVyNckizlyMiNz4=
-54,-61,nqoG0HXPjppQv2CUzTVqvhFWMEk=,5bdPvTmjXZOAFVyNckizlyMiNz4=
-55,-61,nqoG0HXPjppQv2CUzTVqvhFWMEk=,5bdPvTmjXZOAFVyNckizlyMiNz4=
-56,-61,nqoG0HXPjppQv2CUzTVqvhFWMEk=,5bdPvTmjXZOAFVyNckizlyMiNz4=
-62,-55,nqoG0HXPjppQv2CUzTVqvhFWMEk=,5bdPvTmjXZOAFVyNckizlyMiNz4=
-61,-54,nqoG0HXPjppQv2CUzTVqvhFWMEk=,5bdPvTmjXZOAFVyNckizlyMiNz4=
-60,-55,nqoG0HXPjppQv2CUzTVqvhFWMEk=,5bdPvTmjXZOAFVyNckizlyMiNz4=
-61,-55,nqoG0HXPjppQv2CUzTVqvhFWMEk=,5bdPvTmjXZOAFVyNckizlyMiNz4=
-63,-55,nqoG0HXPjppQv2CUzTVqvhFWMEk=,5bdPvTmjXZOAFVyNckizlyMiNz4=
-59,-54,nqoG0HXPjppQv2CUzTVqvhFWMEk=,5bdPvTmjXZOAFVyNckizlyMiNz4=
-58,-45,nqoG0HXPjppQv2CUzTVqvhFWMEk=,d3fM8jrdQzsX0PpyH6hikKaVbsQ=
-59,-48,nqoG0HXPjppQv2CUzTVqvhFWMEk=,d3fM8jrdQzsX0PpyH6hikKaVbsQ=
-58,-46,nqoG0HXPjppQv2CUzTVqvhFWMEk=,d3fM8jrdQzsX0PpyH6hikKaVbsQ=
-57,-45,nqoG0HXPjppQv2CUzTVqvhFWMEk=,d3fM8jrdQzsX0PpyH6hikKaVbsQ=
-59,-46,nqoG0HXPjppQv2CUzTVqvhFWMEk=,d3fM8jrdQzsX0PpyH6hikKaVbsQ=
-61,-48,nqoG0HXPjppQv2CUzTVqvhFWMEk=,d3fM8jrdQzsX0PpyH6hikKaVbsQ=
-59,-45,nqoG0HXPjppQv2CUzTVqvhFWMEk=,d3fM8jrdQzsX0PpyH6hikKaVbsQ=
-56,-45,nqoG0HXPjppQv2CUzTVqvhFWMEk=,d3fM8jrdQzsX0PpyH6hikKaVbsQ=
-60,-45,nqoG0HXPjppQv2CUzTVqvhFWMEk=,d3fM8jrdQzsX0PpyH6hikKaVbsQ=
-55,-45,nqoG0HXPjppQv2CUzTVqvhFWMEk=,d3fM8jrdQzsX0PpyH6hikKaVbsQ=
-54,-45,nqoG0HXPjppQv2CUzTVqvhFWMEk=,d3fM8jrdQzsX0PpyH6hikKaVbsQ=
-61,-45,nqoG0HXPjppQv2CUzTVqvhFWMEk=,d3fM8jrdQzsX0PpyH6hikKaVbsQ=
-59,-47,nqoG0HXPjppQv2CUzTVqvhFWMEk=,d3fM8jrdQzsX0PpyH6hikKaVbsQ=
-60,-47,nqoG0HXPjppQv2CUzTVqvhFWMEk=,d3fM8jrdQzsX0PpyH6hikKaVbsQ=
-62,-45,nqoG0HXPjppQv2CUzTVqvhFWMEk=,d3fM8jrdQzsX0PpyH6hikKaVbsQ=
-49,-33,weGu+hpHvBAYbPLj4F3o1VvGPlM=,d3fM8jrdQzsX0PpyH6hikKaVbsQ=
-60,-46,weGu+hpHvBAYbPLj4F3o1VvGPlM=,d3fM8jrdQzsX0PpyH6hikKaVbsQ=
-50,-33,weGu+hpHvBAYbPLj4F3o1VvGPlM=,d3fM8jrdQzsX0PpyH6hikKaVbsQ=
-52,-33,weGu+hpHvBAYbPLj4F3o1VvGPlM=,d3fM8jrdQzsX0PpyH6hikKaVbsQ=
-51,-33,weGu+hpHvBAYbPLj4F3o1VvGPlM=,d3fM8jrdQzsX0PpyH6hikKaVbsQ=
-53,-33,weGu+hpHvBAYbPLj4F3o1VvGPlM=,d3fM8jrdQzsX0PpyH6hikKaVbsQ=
-54,-33,weGu+hpHvBAYbPLj4F3o1VvGPlM=,d3fM8jrdQzsX0PpyH6hikKaVbsQ=
-55,-33,weGu+hpHvBAYbPLj4F3o1VvGPlM=,d3fM8jrdQzsX0PpyH6hikKaVbsQ=
-56,-33,weGu+hpHvBAYbPLj4F3o1VvGPlM=,d3fM8jrdQzsX0PpyH6hikKaVbsQ=
-58,-33,weGu+hpHvBAYbPLj4F3o1VvGPlM=,d3fM8jrdQzsX0PpyH6hikKaVbsQ=
-53,-45,weGu+hpHvBAYbPLj4F3o1VvGPlM=,d3fM8jrdQzsX0PpyH6hikKaVbsQ=
-57,-33,weGu+hpHvBAYbPLj4F3o1VvGPlM=,d3fM8jrdQzsX0PpyH6hikKaVbsQ=
-63,-33,weGu+hpHvBAYbPLj4F3o1VvGPlM=,d3fM8jrdQzsX0PpyH6hikKaVbsQ=
-60,-48,weGu+hpHvBAYbPLj4F3o1VvGPlM=,d3fM8jrdQzsX0PpyH6hikKaVbsQ=
-63,-45,weGu+hpHvBAYbPLj4F3o1VvGPlM=,d3fM8jrdQzsX0PpyH6hikKaVbsQ=
-64,-33,weGu+hpHvBAYbPLj4F3o1VvGPlM=,d3fM8jrdQzsX0PpyH6hikKaVbsQ=
-49,-34,weGu+hpHvBAYbPLj4F3o1VvGPlM=,d3fM8jrdQzsX0PpyH6hikKaVbsQ=
-61,-46,weGu+hpHvBAYbPLj4F3o1VvGPlM=,d3fM8jrdQzsX0PpyH6hikKaVbsQ=
-50,-34,weGu+hpHvBAYbPLj4F3o1VvGPlM=,d3fM8jrdQzsX0PpyH6hikKaVbsQ=
-51,-34,weGu+hpHvBAYbPLj4F3o1VvGPlM=,d3fM8jrdQzsX0PpyH6hikKaVbsQ=
-52,-34,weGu+hpHvBAYbPLj4F3o1VvGPlM=,d3fM8jrdQzsX0PpyH6hikKaVbsQ=
-53,-34,weGu+hpHvBAYbPLj4F3o1VvGPlM=,d3fM8jrdQzsX0PpyH6hikKaVbsQ=
-54,-34,weGu+hpHvBAYbPLj4F3o1VvGPlM=,d3fM8jrdQzsX0PpyH6hikKaVbsQ=
-55,-34,weGu+hpHvBAYbPLj4F3o1VvGPlM=,d3fM8jrdQzsX0PpyH6hikKaVbsQ=
-56,-34,weGu+hpHvBAYbPLj4F3o1VvGPlM=,d3fM8jrdQzsX0PpyH6hikKaVbsQ=
-63,-48,weGu+hpHvBAYbPLj4F3o1VvGPlM=,d3fM8jrdQzsX0PpyH6hikKaVbsQ=
-61,-33,weGu+hpHvBAYbPLj4F3o1VvGPlM=,d3fM8jrdQzsX0PpyH6hikKaVbsQ=
-52,-45,weGu+hpHvBAYbPLj4F3o1VvGPlM=,d3fM8jrdQzsX0PpyH6hikKaVbsQ=
-51,-45,weGu+hpHvBAYbPLj4F3o1VvGPlM=,d3fM8jrdQzsX0PpyH6hikKaVbsQ=
-50,-45,weGu+hpHvBAYbPLj4F3o1VvGPlM=,d3fM8jrdQzsX0PpyH6hikKaVbsQ=
-49,-45,weGu+hpHvBAYbPLj4F3o1VvGPlM=,d3fM8jrdQzsX0PpyH6hikKaVbsQ=
-58,-47,weGu+hpHvBAYbPLj4F3o1VvGPlM=,d3fM8jrdQzsX0PpyH6hikKaVbsQ=
-58,-48,weGu+hpHvBAYbPLj4F3o1VvGPlM=,d3fM8jrdQzsX0PpyH6hikKaVbsQ=
-64,-44,weGu+hpHvBAYbPLj4F3o1VvGPlM=,d3fM8jrdQzsX0PpyH6hikKaVbsQ=
-57,-46,weGu+hpHvBAYbPLj4F3o1VvGPlM=,d3fM8jrdQzsX0PpyH6hikKaVbsQ=
-63,-44,weGu+hpHvBAYbPLj4F3o1VvGPlM=,d3fM8jrdQzsX0PpyH6hikKaVbsQ=
-62,-44,weGu+hpHvBAYbPLj4F3o1VvGPlM=,d3fM8jrdQzsX0PpyH6hikKaVbsQ=
-61,-44,weGu+hpHvBAYbPLj4F3o1VvGPlM=,d3fM8jrdQzsX0PpyH6hikKaVbsQ=
-60,-44,weGu+hpHvBAYbPLj4F3o1VvGPlM=,d3fM8jrdQzsX0PpyH6hikKaVbsQ=
-59,-44,weGu+hpHvBAYbPLj4F3o1VvGPlM=,d3fM8jrdQzsX0PpyH6hikKaVbsQ=
-58,-44,weGu+hpHvBAYbPLj4F3o1VvGPlM=,d3fM8jrdQzsX0PpyH6hikKaVbsQ=
-57,-44,weGu+hpHvBAYbPLj4F3o1VvGPlM=,d3fM8jrdQzsX0PpyH6hikKaVbsQ=
-56,-44,weGu+hpHvBAYbPLj4F3o1VvGPlM=,d3fM8jrdQzsX0PpyH6hikKaVbsQ=
-59,-33,weGu+hpHvBAYbPLj4F3o1VvGPlM=,d3fM8jrdQzsX0PpyH6hikKaVbsQ=
-60,-33,weGu+hpHvBAYbPLj4F3o1VvGPlM=,d3fM8jrdQzsX0PpyH6hikKaVbsQ=
-61,-34,weGu+hpHvBAYbPLj4F3o1VvGPlM=,d3fM8jrdQzsX0PpyH6hikKaVbsQ=
-62,-34,weGu+hpHvBAYbPLj4F3o1VvGPlM=,d3fM8jrdQzsX0PpyH6hikKaVbsQ=
-63,-34,weGu+hpHvBAYbPLj4F3o1VvGPlM=,d3fM8jrdQzsX0PpyH6hikKaVbsQ=
-64,-34,weGu+hpHvBAYbPLj4F3o1VvGPlM=,d3fM8jrdQzsX0PpyH6hikKaVbsQ=
-61,-47,weGu+hpHvBAYbPLj4F3o1VvGPlM=,d3fM8jrdQzsX0PpyH6hikKaVbsQ=
-62,-46,weGu+hpHvBAYbPLj4F3o1VvGPlM=,d3fM8jrdQzsX0PpyH6hikKaVbsQ=
-49,-35,weGu+hpHvBAYbPLj4F3o1VvGPlM=,d3fM8jrdQzsX0PpyH6hikKaVbsQ=
-50,-35,weGu+hpHvBAYbPLj4F3o1VvGPlM=,d3fM8jrdQzsX0PpyH6hikKaVbsQ=
-51,-35,weGu+hpHvBAYbPLj4F3o1VvGPlM=,d3fM8jrdQzsX0PpyH6hikKaVbsQ=
-52,-35,weGu+hpHvBAYbPLj4F3o1VvGPlM=,d3fM8jrdQzsX0PpyH6hikKaVbsQ=
-53,-35,weGu+hpHvBAYbPLj4F3o1VvGPlM=,d3fM8jrdQzsX0PpyH6hikKaVbsQ=
-54,-35,weGu+hpHvBAYbPLj4F3o1VvGPlM=,d3fM8jrdQzsX0PpyH6hikKaVbsQ=
-55,-35,weGu+hpHvBAYbPLj4F3o1VvGPlM=,d3fM8jrdQzsX0PpyH6hikKaVbsQ=
-56,-35,weGu+hpHvBAYbPLj4F3o1VvGPlM=,d3fM8jrdQzsX0PpyH6hikKaVbsQ=
-57,-35,weGu+hpHvBAYbPLj4F3o1VvGPlM=,d3fM8jrdQzsX0PpyH6hikKaVbsQ=
-62,-33,weGu+hpHvBAYbPLj4F3o1VvGPlM=,d3fM8jrdQzsX0PpyH6hikKaVbsQ=
-55,-44,weGu+hpHvBAYbPLj4F3o1VvGPlM=,d3fM8jrdQzsX0PpyH6hikKaVbsQ=
-57,-34,weGu+hpHvBAYbPLj4F3o1VvGPlM=,d3fM8jrdQzsX0PpyH6hikKaVbsQ=
-58,-34,weGu+hpHvBAYbPLj4F3o1VvGPlM=,d3fM8jrdQzsX0PpyH6hikKaVbsQ=
-59,-34,weGu+hpHvBAYbPLj4F3o1VvGPlM=,d3fM8jrdQzsX0PpyH6hikKaVbsQ=
-60,-34,weGu+hpHvBAYbPLj4F3o1VvGPlM=,d3fM8jrdQzsX0PpyH6hikKaVbsQ=
-54,-44,weGu+hpHvBAYbPLj4F3o1VvGPlM=,d3fM8jrdQzsX0PpyH6hikKaVbsQ=
-58,-35,weGu+hpHvBAYbPLj4F3o1VvGPlM=,d3fM8jrdQzsX0PpyH6hikKaVbsQ=
-62,-47,weGu+hpHvBAYbPLj4F3o1VvGPlM=,d3fM8jrdQzsX0PpyH6hikKaVbsQ=
-59,-35,weGu+hpHvBAYbPLj4F3o1VvGPlM=,d3fM8jrdQzsX0PpyH6hikKaVbsQ=
-63,-46,weGu+hpHvBAYbPLj4F3o1VvGPlM=,d3fM8jrdQzsX0PpyH6hikKaVbsQ=
-49,-36,weGu+hpHvBAYbPLj4F3o1VvGPlM=,d3fM8jrdQzsX0PpyH6hikKaVbsQ=
-50,-36,weGu+hpHvBAYbPLj4F3o1VvGPlM=,d3fM8jrdQzsX0PpyH6hikKaVbsQ=
-51,-36,weGu+hpHvBAYbPLj4F3o1VvGPlM=,d3fM8jrdQzsX0PpyH6hikKaVbsQ=
-52,-36,weGu+hpHvBAYbPLj4F3o1VvGPlM=,d3fM8jrdQzsX0PpyH6hikKaVbsQ=
-53,-36,weGu+hpHvBAYbPLj4F3o1VvGPlM=,d3fM8jrdQzsX0PpyH6hikKaVbsQ=
-54,-36,weGu+hpHvBAYbPLj4F3o1VvGPlM=,d3fM8jrdQzsX0PpyH6hikKaVbsQ=
-55,-36,weGu+hpHvBAYbPLj4F3o1VvGPlM=,d3fM8jrdQzsX0PpyH6hikKaVbsQ=
-56,-36,weGu+hpHvBAYbPLj4F3o1VvGPlM=,d3fM8jrdQzsX0PpyH6hikKaVbsQ=
-57,-36,weGu+hpHvBAYbPLj4F3o1VvGPlM=,d3fM8jrdQzsX0PpyH6hikKaVbsQ=
-58,-36,weGu+hpHvBAYbPLj4F3o1VvGPlM=,d3fM8jrdQzsX0PpyH6hikKaVbsQ=
-63,-35,weGu+hpHvBAYbPLj4F3o1VvGPlM=,d3fM8jrdQzsX0PpyH6hikKaVbsQ=
-53,-44,weGu+hpHvBAYbPLj4F3o1VvGPlM=,d3fM8jrdQzsX0PpyH6hikKaVbsQ=
-52,-44,weGu+hpHvBAYbPLj4F3o1VvGPlM=,d3fM8jrdQzsX0PpyH6hikKaVbsQ=
-51,-44,weGu+hpHvBAYbPLj4F3o1VvGPlM=,d3fM8jrdQzsX0PpyH6hikKaVbsQ=
-50,-44,weGu+hpHvBAYbPLj4F3o1VvGPlM=,d3fM8jrdQzsX0PpyH6hikKaVbsQ=
-49,-44,weGu+hpHvBAYbPLj4F3o1VvGPlM=,d3fM8jrdQzsX0PpyH6hikKaVbsQ=
-57,-47,weGu+hpHvBAYbPLj4F3o1VvGPlM=,d3fM8jrdQzsX0PpyH6hikKaVbsQ=
-57,-48,weGu+hpHvBAYbPLj4F3o1VvGPlM=,d3fM8jrdQzsX0PpyH6hikKaVbsQ=
-64,-43,weGu+hpHvBAYbPLj4F3o1VvGPlM=,d3fM8jrdQzsX0PpyH6hikKaVbsQ=
-56,-46,weGu+hpHvBAYbPLj4F3o1VvGPlM=,d3fM8jrdQzsX0PpyH6hikKaVbsQ=
-63,-43,weGu+hpHvBAYbPLj4F3o1VvGPlM=,d3fM8jrdQzsX0PpyH6hikKaVbsQ=
-62,-43,weGu+hpHvBAYbPLj4F3o1VvGPlM=,d3fM8jrdQzsX0PpyH6hikKaVbsQ=
-61,-43,weGu+hpHvBAYbPLj4F3o1VvGPlM=,d3fM8jrdQzsX0PpyH6hikKaVbsQ=
-60,-43,weGu+hpHvBAYbPLj4F3o1VvGPlM=,d3fM8jrdQzsX0PpyH6hikKaVbsQ=
-59,-43,weGu+hpHvBAYbPLj4F3o1VvGPlM=,d3fM8jrdQzsX0PpyH6hikKaVbsQ=
-58,-43,weGu+hpHvBAYbPLj4F3o1VvGPlM=,d3fM8jrdQzsX0PpyH6hikKaVbsQ=
-57,-43,weGu+hpHvBAYbPLj4F3o1VvGPlM=,d3fM8jrdQzsX0PpyH6hikKaVbsQ=
-59,-36,weGu+hpHvBAYbPLj4F3o1VvGPlM=,d3fM8jrdQzsX0PpyH6hikKaVbsQ=
-61,-36,weGu+hpHvBAYbPLj4F3o1VvGPlM=,d3fM8jrdQzsX0PpyH6hikKaVbsQ=
-62,-35,weGu+hpHvBAYbPLj4F3o1VvGPlM=,d3fM8jrdQzsX0PpyH6hikKaVbsQ=
-56,-43,weGu+hpHvBAYbPLj4F3o1VvGPlM=,d3fM8jrdQzsX0PpyH6hikKaVbsQ=
-61,-35,weGu+hpHvBAYbPLj4F3o1VvGPlM=,d3fM8jrdQzsX0PpyH6hikKaVbsQ=
-60,-36,weGu+hpHvBAYbPLj4F3o1VvGPlM=,d3fM8jrdQzsX0PpyH6hikKaVbsQ=
-63,-36,weGu+hpHvBAYbPLj4F3o1VvGPlM=,d3fM8jrdQzsX0PpyH6hikKaVbsQ=
-60,-35,weGu+hpHvBAYbPLj4F3o1VvGPlM=,d3fM8jrdQzsX0PpyH6hikKaVbsQ=
-63,-47,weGu+hpHvBAYbPLj4F3o1VvGPlM=,d3fM8jrdQzsX0PpyH6hikKaVbsQ=
-64,-45,weGu+hpHvBAYbPLj4F3o1VvGPlM=,d3fM8jrdQzsX0PpyH6hikKaVbsQ=
-64,-35,weGu+hpHvBAYbPLj4F3o1VvGPlM=,d3fM8jrdQzsX0PpyH6hikKaVbsQ=
-49,-48,weGu+hpHvBAYbPLj4F3o1VvGPlM=,d3fM8jrdQzsX0PpyH6hikKaVbsQ=
-64,-46,weGu+hpHvBAYbPLj4F3o1VvGPlM=,d3fM8jrdQzsX0PpyH6hikKaVbsQ=
-49,-46,weGu+hpHvBAYbPLj4F3o1VvGPlM=,d3fM8jrdQzsX0PpyH6hikKaVbsQ=
-50,-48,weGu+hpHvBAYbPLj4F3o1VvGPlM=,d3fM8jrdQzsX0PpyH6hikKaVbsQ=
-49,-47,weGu+hpHvBAYbPLj4F3o1VvGPlM=,d3fM8jrdQzsX0PpyH6hikKaVbsQ=
-49,-37,weGu+hpHvBAYbPLj4F3o1VvGPlM=,d3fM8jrdQzsX0PpyH6hikKaVbsQ=
-50,-47,weGu+hpHvBAYbPLj4F3o1VvGPlM=,d3fM8jrdQzsX0PpyH6hikKaVbsQ=
-50,-37,weGu+hpHvBAYbPLj4F3o1VvGPlM=,d3fM8jrdQzsX0PpyH6hikKaVbsQ=
-51,-37,weGu+hpHvBAYbPLj4F3o1VvGPlM=,d3fM8jrdQzsX0PpyH6hikKaVbsQ=
-52,-37,weGu+hpHvBAYbPLj4F3o1VvGPlM=,d3fM8jrdQzsX0PpyH6hikKaVbsQ=
-53,-37,weGu+hpHvBAYbPLj4F3o1VvGPlM=,d3fM8jrdQzsX0PpyH6hikKaVbsQ=
-54,-37,weGu+hpHvBAYbPLj4F3o1VvGPlM=,d3fM8jrdQzsX0PpyH6hikKaVbsQ=
-55,-37,weGu+hpHvBAYbPLj4F3o1VvGPlM=,d3fM8jrdQzsX0PpyH6hikKaVbsQ=
-56,-37,weGu+hpHvBAYbPLj4F3o1VvGPlM=,d3fM8jrdQzsX0PpyH6hikKaVbsQ=
-57,-37,weGu+hpHvBAYbPLj4F3o1VvGPlM=,d3fM8jrdQzsX0PpyH6hikKaVbsQ=
-58,-37,weGu+hpHvBAYbPLj4F3o1VvGPlM=,d3fM8jrdQzsX0PpyH6hikKaVbsQ=
-59,-37,weGu+hpHvBAYbPLj4F3o1VvGPlM=,d3fM8jrdQzsX0PpyH6hikKaVbsQ=
-55,-43,weGu+hpHvBAYbPLj4F3o1VvGPlM=,d3fM8jrdQzsX0PpyH6hikKaVbsQ=
-54,-43,weGu+hpHvBAYbPLj4F3o1VvGPlM=,d3fM8jrdQzsX0PpyH6hikKaVbsQ=
-62,-48,weGu+hpHvBAYbPLj4F3o1VvGPlM=,d3fM8jrdQzsX0PpyH6hikKaVbsQ=
-53,-43,weGu+hpHvBAYbPLj4F3o1VvGPlM=,d3fM8jrdQzsX0PpyH6hikKaVbsQ=
-52,-43,weGu+hpHvBAYbPLj4F3o1VvGPlM=,d3fM8jrdQzsX0PpyH6hikKaVbsQ=
-51,-43,weGu+hpHvBAYbPLj4F3o1VvGPlM=,d3fM8jrdQzsX0PpyH6hikKaVbsQ=
-50,-43,weGu+hpHvBAYbPLj4F3o1VvGPlM=,d3fM8jrdQzsX0PpyH6hikKaVbsQ=
-49,-43,weGu+hpHvBAYbPLj4F3o1VvGPlM=,d3fM8jrdQzsX0PpyH6hikKaVbsQ=
-56,-47,weGu+hpHvBAYbPLj4F3o1VvGPlM=,d3fM8jrdQzsX0PpyH6hikKaVbsQ=
-56,-48,weGu+hpHvBAYbPLj4F3o1VvGPlM=,d3fM8jrdQzsX0PpyH6hikKaVbsQ=
-55,-46,weGu+hpHvBAYbPLj4F3o1VvGPlM=,d3fM8jrdQzsX0PpyH6hikKaVbsQ=
-64,-42,weGu+hpHvBAYbPLj4F3o1VvGPlM=,d3fM8jrdQzsX0PpyH6hikKaVbsQ=
-63,-42,weGu+hpHvBAYbPLj4F3o1VvGPlM=,d3fM8jrdQzsX0PpyH6hikKaVbsQ=
-62,-42,weGu+hpHvBAYbPLj4F3o1VvGPlM=,d3fM8jrdQzsX0PpyH6hikKaVbsQ=
-61,-42,weGu+hpHvBAYbPLj4F3o1VvGPlM=,d3fM8jrdQzsX0PpyH6hikKaVbsQ=
-60,-42,weGu+hpHvBAYbPLj4F3o1VvGPlM=,d3fM8jrdQzsX0PpyH6hikKaVbsQ=
-64,-47,weGu+hpHvBAYbPLj4F3o1VvGPlM=,d3fM8jrdQzsX0PpyH6hikKaVbsQ=
-62,-36,weGu+hpHvBAYbPLj4F3o1VvGPlM=,d3fM8jrdQzsX0PpyH6hikKaVbsQ=
-60,-37,weGu+hpHvBAYbPLj4F3o1VvGPlM=,d3fM8jrdQzsX0PpyH6hikKaVbsQ=
-50,-46,weGu+hpHvBAYbPLj4F3o1VvGPlM=,d3fM8jrdQzsX0PpyH6hikKaVbsQ=
-64,-48,weGu+hpHvBAYbPLj4F3o1VvGPlM=,d3fM8jrdQzsX0PpyH6hikKaVbsQ=
-51,-48,weGu+hpHvBAYbPLj4F3o1VvGPlM=,d3fM8jrdQzsX0PpyH6hikKaVbsQ=
-59,-42,weGu+hpHvBAYbPLj4F3o1VvGPlM=,d3fM8jrdQzsX0PpyH6hikKaVbsQ=
-58,-42,weGu+hpHvBAYbPLj4F3o1VvGPlM=,d3fM8jrdQzsX0PpyH6hikKaVbsQ=
-57,-42,weGu+hpHvBAYbPLj4F3o1VvGPlM=,d3fM8jrdQzsX0PpyH6hikKaVbsQ=
-56,-42,weGu+hpHvBAYbPLj4F3o1VvGPlM=,d3fM8jrdQzsX0PpyH6hikKaVbsQ=
-61,-37,weGu+hpHvBAYbPLj4F3o1VvGPlM=,d3fM8jrdQzsX0PpyH6hikKaVbsQ=
-49,-38,weGu+hpHvBAYbPLj4F3o1VvGPlM=,d3fM8jrdQzsX0PpyH6hikKaVbsQ=
-50,-38,weGu+hpHvBAYbPLj4F3o1VvGPlM=,d3fM8jrdQzsX0PpyH6hikKaVbsQ=
-51,-38,weGu+hpHvBAYbPLj4F3o1VvGPlM=,d3fM8jrdQzsX0PpyH6hikKaVbsQ=
-52,-38,weGu+hpHvBAYbPLj4F3o1VvGPlM=,d3fM8jrdQzsX0PpyH6hikKaVbsQ=
-53,-38,weGu+hpHvBAYbPLj4F3o1VvGPlM=,d3fM8jrdQzsX0PpyH6hikKaVbsQ=
-54,-38,weGu+hpHvBAYbPLj4F3o1VvGPlM=,d3fM8jrdQzsX0PpyH6hikKaVbsQ=
-55,-38,weGu+hpHvBAYbPLj4F3o1VvGPlM=,d3fM8jrdQzsX0PpyH6hikKaVbsQ=
-51,-47,weGu+hpHvBAYbPLj4F3o1VvGPlM=,d3fM8jrdQzsX0PpyH6hikKaVbsQ=
-57,-38,weGu+hpHvBAYbPLj4F3o1VvGPlM=,d3fM8jrdQzsX0PpyH6hikKaVbsQ=
-64,-36,weGu+hpHvBAYbPLj4F3o1VvGPlM=,d3fM8jrdQzsX0PpyH6hikKaVbsQ=
-56,-38,weGu+hpHvBAYbPLj4F3o1VvGPlM=,d3fM8jrdQzsX0PpyH6hikKaVbsQ=
-62,-37,weGu+hpHvBAYbPLj4F3o1VvGPlM=,d3fM8jrdQzsX0PpyH6hikKaVbsQ=
-58,-38,weGu+hpHvBAYbPLj4F3o1VvGPlM=,d3fM8jrdQzsX0PpyH6hikKaVbsQ=
-63,-37,weGu+hpHvBAYbPLj4F3o1VvGPlM=,d3fM8jrdQzsX0PpyH6hikKaVbsQ=
-64,-37,weGu+hpHvBAYbPLj4F3o1VvGPlM=,d3fM8jrdQzsX0PpyH6hikKaVbsQ=
-55,-42,weGu+hpHvBAYbPLj4F3o1VvGPlM=,d3fM8jrdQzsX0PpyH6hikKaVbsQ=
-59,-38,weGu+hpHvBAYbPLj4F3o1VvGPlM=,d3fM8jrdQzsX0PpyH6hikKaVbsQ=
-60,-38,weGu+hpHvBAYbPLj4F3o1VvGPlM=,d3fM8jrdQzsX0PpyH6hikKaVbsQ=
-51,-46,weGu+hpHvBAYbPLj4F3o1VvGPlM=,d3fM8jrdQzsX0PpyH6hikKaVbsQ=
-52,-48,weGu+hpHvBAYbPLj4F3o1VvGPlM=,d3fM8jrdQzsX0PpyH6hikKaVbsQ=
-49,-39,weGu+hpHvBAYbPLj4F3o1VvGPlM=,d3fM8jrdQzsX0PpyH6hikKaVbsQ=
-50,-39,weGu+hpHvBAYbPLj4F3o1VvGPlM=,d3fM8jrdQzsX0PpyH6hikKaVbsQ=
-51,-39,weGu+hpHvBAYbPLj4F3o1VvGPlM=,d3fM8jrdQzsX0PpyH6hikKaVbsQ=
-52,-39,weGu+hpHvBAYbPLj4F3o1VvGPlM=,d3fM8jrdQzsX0PpyH6hikKaVbsQ=
-53,-39,weGu+hpHvBAYbPLj4F3o1VvGPlM=,d3fM8jrdQzsX0PpyH6hikKaVbsQ=
-54,-39,weGu+hpHvBAYbPLj4F3o1VvGPlM=,d3fM8jrdQzsX0PpyH6hikKaVbsQ=
-55,-39,weGu+hpHvBAYbPLj4F3o1VvGPlM=,d3fM8jrdQzsX0PpyH6hikKaVbsQ=
-54,-42,weGu+hpHvBAYbPLj4F3o1VvGPlM=,d3fM8jrdQzsX0PpyH6hikKaVbsQ=
-53,-42,weGu+hpHvBAYbPLj4F3o1VvGPlM=,d3fM8jrdQzsX0PpyH6hikKaVbsQ=
-52,-42,weGu+hpHvBAYbPLj4F3o1VvGPlM=,d3fM8jrdQzsX0PpyH6hikKaVbsQ=
-51,-42,weGu+hpHvBAYbPLj4F3o1VvGPlM=,d3fM8jrdQzsX0PpyH6hikKaVbsQ=
-50,-42,weGu+hpHvBAYbPLj4F3o1VvGPlM=,d3fM8jrdQzsX0PpyH6hikKaVbsQ=
-49,-42,weGu+hpHvBAYbPLj4F3o1VvGPlM=,d3fM8jrdQzsX0PpyH6hikKaVbsQ=
-52,-47,weGu+hpHvBAYbPLj4F3o1VvGPlM=,d3fM8jrdQzsX0PpyH6hikKaVbsQ=
-61,-38,weGu+hpHvBAYbPLj4F3o1VvGPlM=,d3fM8jrdQzsX0PpyH6hikKaVbsQ=
-55,-47,weGu+hpHvBAYbPLj4F3o1VvGPlM=,d3fM8jrdQzsX0PpyH6hikKaVbsQ=
-62,-38,weGu+hpHvBAYbPLj4F3o1VvGPlM=,d3fM8jrdQzsX0PpyH6hikKaVbsQ=
-58,-39,weGu+hpHvBAYbPLj4F3o1VvGPlM=,d3fM8jrdQzsX0PpyH6hikKaVbsQ=
-63,-38,weGu+hpHvBAYbPLj4F3o1VvGPlM=,d3fM8jrdQzsX0PpyH6hikKaVbsQ=
-55,-48,weGu+hpHvBAYbPLj4F3o1VvGPlM=,d3fM8jrdQzsX0PpyH6hikKaVbsQ=
-57,-39,weGu+hpHvBAYbPLj4F3o1VvGPlM=,d3fM8jrdQzsX0PpyH6hikKaVbsQ=
-64,-38,weGu+hpHvBAYbPLj4F3o1VvGPlM=,d3fM8jrdQzsX0PpyH6hikKaVbsQ=
-63,-39,weGu+hpHvBAYbPLj4F3o1VvGPlM=,d3fM8jrdQzsX0PpyH6hikKaVbsQ=
-54,-46,weGu+hpHvBAYbPLj4F3o1VvGPlM=,d3fM8jrdQzsX0PpyH6hikKaVbsQ=
-64,-41,weGu+hpHvBAYbPLj4F3o1VvGPlM=,d3fM8jrdQzsX0PpyH6hikKaVbsQ=
-63,-41,weGu+hpHvBAYbPLj4F3o1VvGPlM=,d3fM8jrdQzsX0PpyH6hikKaVbsQ=
-62,-41,weGu+hpHvBAYbPLj4F3o1VvGPlM=,d3fM8jrdQzsX0PpyH6hikKaVbsQ=
-56,-39,weGu+hpHvBAYbPLj4F3o1VvGPlM=,d3fM8jrdQzsX0PpyH6hikKaVbsQ=
-59,-39,weGu+hpHvBAYbPLj4F3o1VvGPlM=,d3fM8jrdQzsX0PpyH6hikKaVbsQ=
-61,-41,weGu+hpHvBAYbPLj4F3o1VvGPlM=,d3fM8jrdQzsX0PpyH6hikKaVbsQ=
-52,-46,weGu+hpHvBAYbPLj4F3o1VvGPlM=,d3fM8jrdQzsX0PpyH6hikKaVbsQ=
-60,-39,weGu+hpHvBAYbPLj4F3o1VvGPlM=,d3fM8jrdQzsX0PpyH6hikKaVbsQ=
-49,-40,weGu+hpHvBAYbPLj4F3o1VvGPlM=,d3fM8jrdQzsX0PpyH6hikKaVbsQ=
-50,-40,weGu+hpHvBAYbPLj4F3o1VvGPlM=,d3fM8jrdQzsX0PpyH6hikKaVbsQ=
-51,-40,weGu+hpHvBAYbPLj4F3o1VvGPlM=,d3fM8jrdQzsX0PpyH6hikKaVbsQ=
-52,-40,weGu+hpHvBAYbPLj4F3o1VvGPlM=,d3fM8jrdQzsX0PpyH6hikKaVbsQ=
-53,-40,weGu+hpHvBAYbPLj4F3o1VvGPlM=,d3fM8jrdQzsX0PpyH6hikKaVbsQ=
-54,-40,weGu+hpHvBAYbPLj4F3o1VvGPlM=,d3fM8jrdQzsX0PpyH6hikKaVbsQ=
-60,-41,weGu+hpHvBAYbPLj4F3o1VvGPlM=,d3fM8jrdQzsX0PpyH6hikKaVbsQ=
-55,-40,weGu+hpHvBAYbPLj4F3o1VvGPlM=,d3fM8jrdQzsX0PpyH6hikKaVbsQ=
-53,-48,weGu+hpHvBAYbPLj4F3o1VvGPlM=,d3fM8jrdQzsX0PpyH6hikKaVbsQ=
-62,-39,weGu+hpHvBAYbPLj4F3o1VvGPlM=,d3fM8jrdQzsX0PpyH6hikKaVbsQ=
-64,-39,weGu+hpHvBAYbPLj4F3o1VvGPlM=,d3fM8jrdQzsX0PpyH6hikKaVbsQ=
-59,-41,weGu+hpHvBAYbPLj4F3o1VvGPlM=,d3fM8jrdQzsX0PpyH6hikKaVbsQ=
-53,-47,weGu+hpHvBAYbPLj4F3o1VvGPlM=,d3fM8jrdQzsX0PpyH6hikKaVbsQ=
-56,-40,weGu+hpHvBAYbPLj4F3o1VvGPlM=,d3fM8jrdQzsX0PpyH6hikKaVbsQ=
-57,-40,weGu+hpHvBAYbPLj4F3o1VvGPlM=,d3fM8jrdQzsX0PpyH6hikKaVbsQ=
-60,-40,weGu+hpHvBAYbPLj4F3o1VvGPlM=,d3fM8jrdQzsX0PpyH6hikKaVbsQ=
-63,-40,weGu+hpHvBAYbPLj4F3o1VvGPlM=,d3fM8jrdQzsX0PpyH6hikKaVbsQ=
-61,-39,weGu+hpHvBAYbPLj4F3o1VvGPlM=,d3fM8jrdQzsX0PpyH6hikKaVbsQ=
-58,-40,weGu+hpHvBAYbPLj4F3o1VvGPlM=,d3fM8jrdQzsX0PpyH6hikKaVbsQ=
-62,-40,weGu+hpHvBAYbPLj4F3o1VvGPlM=,d3fM8jrdQzsX0PpyH6hikKaVbsQ=
-64,-40,weGu+hpHvBAYbPLj4F3o1VvGPlM=,d3fM8jrdQzsX0PpyH6hikKaVbsQ=
-49,-41,weGu+hpHvBAYbPLj4F3o1VvGPlM=,d3fM8jrdQzsX0PpyH6hikKaVbsQ=
-50,-41,weGu+hpHvBAYbPLj4F3o1VvGPlM=,d3fM8jrdQzsX0PpyH6hikKaVbsQ=
-51,-41,weGu+hpHvBAYbPLj4F3o1VvGPlM=,d3fM8jrdQzsX0PpyH6hikKaVbsQ=
-52,-41,weGu+hpHvBAYbPLj4F3o1VvGPlM=,d3fM8jrdQzsX0PpyH6hikKaVbsQ=
-53,-41,weGu+hpHvBAYbPLj4F3o1VvGPlM=,d3fM8jrdQzsX0PpyH6hikKaVbsQ=
-58,-41,weGu+hpHvBAYbPLj4F3o1VvGPlM=,d3fM8jrdQzsX0PpyH6hikKaVbsQ=
-54,-41,weGu+hpHvBAYbPLj4F3o1VvGPlM=,d3fM8jrdQzsX0PpyH6hikKaVbsQ=
-61,-40,weGu+hpHvBAYbPLj4F3o1VvGPlM=,d3fM8jrdQzsX0PpyH6hikKaVbsQ=
-54,-48,weGu+hpHvBAYbPLj4F3o1VvGPlM=,d3fM8jrdQzsX0PpyH6hikKaVbsQ=
-57,-41,weGu+hpHvBAYbPLj4F3o1VvGPlM=,d3fM8jrdQzsX0PpyH6hikKaVbsQ=
-59,-40,weGu+hpHvBAYbPLj4F3o1VvGPlM=,d3fM8jrdQzsX0PpyH6hikKaVbsQ=
-54,-47,weGu+hpHvBAYbPLj4F3o1VvGPlM=,d3fM8jrdQzsX0PpyH6hikKaVbsQ=
-53,-46,weGu+hpHvBAYbPLj4F3o1VvGPlM=,d3fM8jrdQzsX0PpyH6hikKaVbsQ=
-55,-41,weGu+hpHvBAYbPLj4F3o1VvGPlM=,d3fM8jrdQzsX0PpyH6hikKaVbsQ=
-56,-41,weGu+hpHvBAYbPLj4F3o1VvGPlM=,d3fM8jrdQzsX0PpyH6hikKaVbsQ=
